1.1973 1.7582
6.2598 -2.4589
-1.0118 -4.3147
-0.90509 -10.754
11.204 -5.1793
-7.4908 -4.8945
-0.72976 -3.964
6.7433 -2.6094
-0.12494 -4.5429
-2.499 -11.296
5.9328 4.9281
1.3564 -11.286
6.057 -3.154
3.0073 -11.435
-3.0438 -0.7193
-2.9655 2.5103
-2.5331 -9.8755
7.9749 -8.3438
-3.1323 -10.324
6.1341 -9.4268
-3.9413 -1.5458
1.8495 2.7065
-9.7745 1.97
-1.6705 1.6358
-0.1907 2.0896
-2.3409 -1.4681
-1.3842 1.46
-1.0452 1.9191
13.797 -2.2288
5.446 4.7594
1.866 7.7555
-3.1659 2.2169
4.2785 -10.121
6.0844 -1.5703
-9.3083 -5.1084
-2.0973 3.1064
10.99 -5.8463
-8.7258 5.3257
-2.9972 -4.0208
-1.268 -3.892
7.3776 4.013
0.25512 -4.3155
-8.6008 -5.3749
0.71476 9.4941
10.865 -5.1737
-3.0679 -2.1926
-8.7502 -1.2214
-3.2286 0.49039
2.018 -5.0611
0.38562 3.0166
0.6553 2.4946
6.4039 -10.423
13.598 -0.35693
-3.0983 1.5969
-4.8419 7.3999
-0.33767 2.4615
1.5708 2.2351
0.99327 3.21
5.1325 5.9748
-3.7413 -10.203
-0.076608 -3.7123
-0.023103 3.631
12.875 -2.1395
6.8425 4.8608
-6.2428 6.6048
-7.9106 -6.2218
-9.4903 -4.3633
-5.4362 7.1607
6.7313 -10.02
-2.2803 -0.22694
-3.3328 -9.2031
3.849 -3.8507
3.9562 7.6874
-6.1851 -9.3305
-7.9561 4.6188
-0.45433 -4.2979
-2.2113 2.7945
1.1339 2.681
2.0826 1.9786
-0.52128 -10.427
1.7619 -5.1109
-2.0499 8.1692
-2.9896 -2.9645
-0.4346 -5.0433
0.17821 2.6275
-9.7942 -1.096
-4.9587 -8.585
12.008 -5.8715
0.12681 2.5201
-7.1436 -5.7201
-2.9767 -2.8953
-5.3502 6.5982
-6.9293 6.0769
-3.9153 0.97622
-0.20295 3.0905
1.5308 -4.8027
5.8193 -2.4279
12.102 -3.7372
11.114 -7.342
4.1781 -3.9978
0.83701 2.6173
1.0554 2.7119
12.186 -2.6955
-4.3811 -10.562
-4.3025 7.4207
-2.7692 -10.95
-8.9327 -0.097199
4.7449 7.2238
-0.30292 3.5928
-8.1702 -3.6392
-9.5276 1.3572
-1.5316 1.5391
-2.2556 2.3156
0.26202 -4.1455
7.6961 3.4324
-9.9965 -1.5622
-1.1508 8.5299
1.6875 -5.3984
5.8071 -3.7016
-0.99479 2.9003
0.88468 2.2702
-3.6477 -1.0307
-2.125 2.6428
0.060105 -4.3582
-10.054 -0.30711
-2.3413 -0.84923
-0.69379 -3.858
0.46874 1.8095
-9.8886 -1.4223
6.6365 -9.4514
0.027671 8.8465
-3.3756 -1.8414
-3.6009 -1.6196
-3.2056 1.54
-4.6114 -10.312
2.2897 9.4994
-0.42149 -4.3936
1.1644 -5.7301
4.3641 6.3744
-2.8621 0.39584
0.48378 2.6359
-3.5806 7.762
-8.5744 -6.1135
8.1268 1.4619
-2.5137 1.0468
-8.7916 -0.13337
-1.2323 3.3042
0.01611 -10.839
0.72879 9.8447
-8.4413 1.1915
3.0503 -10.523
2.4918 -4.6483
-2.7646 2.7119
-1.1379 8.246
-4.8692 -8.2263
13.16 -1.4045
2.2641 8.003
8.89 -8.8571
-1.6524 7.7906
1.2762 1.7803
1.028 7.9404
-1.5697 1.6636
-8.553 -3.0658
-2.0482 -1.7159
5.8492 -3.3484
0.77857 8.7753
8.0389 -8.8246
-2.5243 -10.583
-5.9847 -7.8587
-0.82744 -3.2297
4.277 -10.167
0.70389 -3.7962
6.6848 5.2491
-2.8473 9.1376
-8.2064 -2.8758
-0.97457 3.5786
7.7435 -0.19355
0.48274 -10.548
-1.8153 -3.1424
11.85 -4.4775
-2.4857 1.9499
-0.31194 2.0249
-2.7612 -9.7482
2.038 1.8082
9.3374 -8.7771
-2.473 -4.1468
6.3522 -1.1404
6.8212 4.7982
-8.6662 -1.146
-6.4086 -8.9706
11.199 -5.0925
0.68962 3.2085
11.066 -4.7355
-2.8001 -1.4784
1.6288 -5.1879
-7.3758 -7.5078
7.6175 3.8301
-1.4625 -4.1908
-3.3806 9.4031
0.16212 2.5806
0.67069 -4.1104
0.8501 -10.899
-9.2965 0.9452
-6.8905 5.2877
-5.0857 -9.1139
7.5977 -0.31828
-4.9404 -9.4717
-0.48886 8.5113
-2.599 -0.34586
1.194 -5.0429
1.5883 2.2475
5.1336 5.0327
-4.7663 8.5421
1.5244 2.415
5.0671 -10.53
0.35663 -11.964
4.8873 6.4647
4.5583 -2.9732
-2.6718 2.5414
-5.0473 6.8584
-2.9554 -1.7026
-1.929 3.263
5.9345 6.7521
13.204 0.21503
-9.0584 0.77918
0.22816 2.5905
0.37031 -10.164
-2.6183 0.18917
-5.6104 6.4548
11.524 -5.4335
-7.3812 6.6531
-3.6268 -1.6843
-4.8025 -10.206
-8.5833 -1.0482
-6.3691 -8.4599
-3.7429 0.69303
6.5407 1.9162
8.0863 -9.4676
-2.5362 -9.8017
-9.867 -0.75985
0.12103 -5.1175
-5.2807 8.2191
-5.6468 -8.7721
-9.5464 3.0423
-6.9544 -8.5103
-1.588 -4.4168
-9.8598 -2.6516
4.4185 -3.9589
3.0671 -9.9374
-2.3614 -2.9868
-1.8681 -10.841
0.49727 -5.7554
1.3149 -4.0249
2.0129 -4.9077
1.4453 -4.2825
8.6011 -8.0031
-0.77459 2.663
0.3994 -11.38
3.2335 7.7185
0.36168 -11.077
6.5731 1.6127
0.94301 2.941
-3.2705 -0.59352
-1.8591 9.6651
5.9024 -3.2629
2.6171 9.1883
4.512 7.2866
5.6782 -3.7287
0.18906 -4.5348
7.0301 3.1269
-5.7313 -7.6283
-3.7874 0.48441
4.1541 -11.762
2.5551 -4.6683
-9.3706 -3.931
5.5597 6.569
13.233 -2.5955
-0.35589 1.8307
-2.9627 -3.7817
-6.4588 -8.4073
-9.8875 0.94187
5.969 -9.7223
-6.8124 -6.5529
7.9021 3.029
0.29705 3.4416
-3.9662 1.084
-7.9568 3.4114
-1.4912 1.5735
6.2347 3.8003
1.2565 8.0957
-7.0269 4.7973
5.0964 -2.5978
-1.878 -10.29
1.3155 -10.897
-9.6556 2.2479
-10.107 -3.1268
-9.6082 -2.4843
8.5467 -7.9255
6.7181 3.0906
-1.3026 2.0276
-3.4504 8.7834
0.19187 2.2111
-1.9146 -4.372
-0.58006 2.746
6.3415 -3.0925
-8.4103 -4.5806
-3.2574 0.079647
-2.6067 1.652
-8.4511 1.6879
-2.2185 -2.7343
-2.5658 9.3886
6.3322 1.2064
4.0162 7.8977
6.9067 -1.6611
4.0541 -11.015
-3.0366 -2.0559
-4.3181 7.7207
5.3052 -2.9862
-5.3197 7.0687
-2.2867 2.9173
0.76839 -4.8527
2.2049 1.834
-1.9549 -10.269
5.473 -4.3891
0.31465 -10.363
4.4611 -10.293
7.4609 1.3007
-2.2329 1.9161
0.72932 2.8134
-1.2754 1.8253
5.5902 -2.2043
1.9876 2.0591
5.8499 5.3623
7.2661 3.7973
5.9121 -9.1897
-9.567 2.7991
-0.78847 -3.3713
-3.8586 0.081407
-3.685 -0.26514
-2.7716 0.53966
-9.5828 -2.0375
-6.6401 -7.4137
-1.2051 -3.1253
1.0474 2.5157
0.32691 3.0256
-6.484 -7.8022
6.2182 5.6075
1.6378 -4.1827
3.0612 8.6486
-9.9171 1.7715
1.521 2.0967
11.908 -5.2156
0.22408 1.8049
-0.44143 3.6469
-0.66592 3.234
7.1654 4.8288
0.12995 2.6252
11.003 -4.7819
12.776 -0.77256
5.1399 -11.387
-7.8939 -6.0496
2.9698 8.405
-2.3779 -1.23
-5.8187 -7.8843
0.087439 9.5294
5.6201 -3.4886
-9.1208 -2.8747
-6.2739 -9.1392
5.2236 -4.5092
-1.1009 9.4235
4.2871 -4.764
6.227 5.9774
-8.9483 -5.7276
13.929 -1.8787
-2.1295 2.6283
-9.2824 0.74231
6.8601 -1.885
3.146 7.1297
2.2611 9.2375
7.3676 1.4353
-3.5258 -0.41705
-2.3244 -3.5235
-2.6264 2.0079
7.0541 -10.087
10.695 -4.9817
1.6798 8.7858
6.1684 6.0547
0.41609 2.3759
-10.367 -0.22622
-4.7582 -8.5175
2.4911 -4.4172
2.6169 8.6857
13.394 0.6083
-4.2128 -1.0221
7.1978 -0.16341
1.2957 -5.7688
6.6662 4.0927
2.2831 -5.7556
-0.08536 2.2642
-1.8136 1.6781
-6.802 5.7108
4.6024 8.2204
-3.0852 7.5535
-5.3544 7.5308
7.3291 1.9696
-3.1048 -0.28498
7.5717 -8.7563
-1.5388 1.3471
-0.72323 -10.589
0.46365 -11.831
5.9196 -2.8069
0.088534 -11.632
9.4416 -8.7758
5.3373 7.1919
-2.3246 -4.0403
1.5919 2.6088
1.2998 1.8508
12.862 -1.0821
0.28222 -10.365
5.7895 -2.0094
6.7833 -1.4926
13.36 -2.0499
0.43587 3.4267
11.413 -4.2544
-7.8629 4.9395
0.6453 -4.4462
-2.3555 -2.3862
1.1889 9.5388
-4.4326 -8.8503
10.293 -6.0429
0.82401 -4.0192
5.3804 7.2631
-5.3457 -8.1813
6.2979 0.81916
5.7079 5.5743
-3.6898 -8.9522
-4.8495 7.7372
3.8079 -10.573
-2.4763 -2.3973
6.453 5.2607
5.0439 -3.8156
7.1917 -10.098
3.7166 7.7367
-4.7436 6.8765
4.2855 -11.099
-7.7874 5.7698
-2.378 1.2318
5.0301 -3.4987
5.2038 5.0139
7.0238 0.36321
-6.0946 -8.6301
0.32294 3.1877
-10.104 -1.7302
-1.9762 -3.9869
-2.4289 -2.6877
5.9264 -1.5821
0.65623 -4.742
-1.3476 1.7666
7.0743 -2.4159
-2.2144 -2.3779
-10.207 -1.3112
7.6468 2.1892
1.0695 -4.5537
-8.6693 3.1108
0.13001 -10.437
4.564 -10.755
-8.611 -3.1652
-5.8447 -8.1564
-0.96654 -4.4191
1.4166 2.7225
-0.41759 2.2896
-2.5347 9.2693
-8.6425 -5.4546
-2.7492 -0.50415
-8.7906 -2.3959
4.8302 6.4979
0.02316 2.8633
7.0756 5.1988
-1.9905 1.8668
3.9902 -10.826
-1.6138 2.3241
-8.6849 4.3877
-1.4449 3.4567
0.77033 8.5476
7.2716 -0.90619
-2.2775 -4.4281
-2.4482 0.57944
6.4721 0.47649
6.6044 6.4092
0.70239 -5.3469
4.0863 7.3093
-7.0949 4.251
6.3287 6.1439
-0.7804 -5.184
-1.9603 -2.3704
-8.604 0.24892
10.678 -5.4793
-1.8625 1.4036
7.0839 -2.7231
6.4678 -3.392
0.57582 2.0323
6.429 -3.3817
-8.8448 5.3292
-6.8461 5.4795
6.6802 -0.80205
2.7053 -11.46
12.812 0.25724
-2.3993 7.6606
-7.4619 -6.8836
-0.19893 2.1377
6.8324 0.88324
12.502 -5.4308
-0.20151 3.0333
4.4305 -4.5581
-7.937 3.6507
6.0721 -2.1157
7.4424 -0.41964
-2.2333 1.33
0.47564 -4.4788
-8.7879 -1.3891
-2.9827 0.59474
-1.1284 3.203
4.8325 -9.8744
-2.515 0.79419
6.305 -0.12307
0.31688 3.4108
1.206 -5.4594
-5.6111 6.6718
3.5998 7.9759
1.8919 -4.4463
-3.61 -0.24634
6.3613 -1.3876
6.9745 2.3349
0.14757 2.1327
-2.6809 1.0513
8.0938 -9.0333
-9.8686 1.1762
-1.5834 1.6223
-1.7785 -4.1028
-0.21683 2.4906
1.9967 8.0559
-6.3464 7.1
-0.55648 -11.328
-1.9836 0.58035
4.2059 -3.476
-0.054781 -4.9993
7.6556 0.57335
-8.6271 -5.7834
1.5099 2.3937
-3.9854 -8.7516
5.3094 -3.5871
-2.8925 -1.1563
7.1565 0.40896
-2.5093 -3.1397
-1.413 -11.15
2.7813 8.0775
-2.4051 -11.456
0.51985 -4.1484
-3.8693 -10.831
-5.2454 -7.6942
1.136 1.9152
6.0415 5.203
11.966 -3.6062
-4.5349 7.0005
11.243 -7.1218
2.7112 -3.7771
5.422 -10.043
-2.2137 -10.585
-2.61 -3.7356
6.5805 0.97891
-9.5374 1.8841
-1.9924 1.3647
1.971 9.5295
-2.158 -3.2246
4.3716 -2.9824
-0.97562 9.1585
-0.89191 3.1958
4.784 -3.0315
8.0878 0.79039
6.3486 0.11547
-3.2948 -10.17
0.99949 -4.6746
-6.9881 4.729
0.13702 1.8038
12.139 -3.7054
12.782 -4.0222
10.164 -6.8641
-2.0917 -2.6033
9.733 -6.9743
-2.7763 -2.0113
12.29 -4.6639
7.4647 1.2206
5.6729 -3.9411
3.6439 -4.2374
-5.3175 -7.9429
7.8789 1.5544
5.9765 6.1071
5.8175 -1.7013
6.3684 4.5337
-2.3206 -1.6251
6.2959 -2.1914
-9.0604 -3.3154
-8.6262 -3.4794
-5.847 -8.1782
13.402 -1.7577
13.047 -1.8737
4.661 -3.8863
6.8797 1.432
5.5128 -3.019
-7.9029 5.5207
1.0582 2.3128
-0.26999 2.1857
6.728 -0.6862
-0.44822 3.2952
-3.2408 -1.8117
2.3235 -4.9009
11.095 -7.5885
-1.9295 -9.6738
-3.1132 0.38691
-3.32 1.2037
11.949 -5.729
5.1698 7.0441
8.551 -8.2229
0.59106 3.0147
-3.0144 8.0395
6.7197 -2.6339
13.744 -0.16099
-9.2308 -1.9157
1.3621 -10.517
-1.7939 2.3073
-8.7473 1.7634
0.99486 -11.178
5.9694 -2.6576
5.1053 -3.6233
-7.6767 -7.5025
1.5948 8.8005
-0.50205 8.5884
6.5806 -2.3967
-2.692 -1.2957
6.6744 6.4514
13.504 -0.21786
3.7417 7.3723
7.893 0.087556
-1.096 -3.3953
5.4944 5.6061
-1.9633 -10.632
-2.937 -0.30493
-3.2373 -0.86126
-9.7341 -3.0819
7.615 -0.16224
-9.2005 -2.0031
-1.2618 -3.8431
