36.818 8.8775
40.241 11.778
51.911 20.44
32.436 1.9707
42.026 8.838
42.521 11.197
44.656 13.903
45.398 14.326
33.203 5.7101
36.317 6.6778
46.713 15.638
38.065 11.278
35.697 6.8275
42.105 11.747
37.021 5.5667
43.598 13.575
39.818 11.246
46.229 14.723
44.137 14.057
49.522 21.148
37.734 7.4313
42.044 11.579
38.362 9.5394
38.256 7.8804
44.442 15.823
34.668 7.7088
44.947 14.523
39.332 9.895
48.249 19.92
44.708 13.513
41.587 13.82
41.995 11.571
39.229 9.125
41.616 9.6722
40.166 9.0437
45.402 12.756
39.259 7.6102
41.522 10.907
37.726 8.4345
42.374 9.8527
34.909 3.8084
42.612 12.959
42.472 13.213
43.619 11.932
38.487 8.6479
42.221 11.872
38.425 8.1891
39.477 9.0295
41.569 13.427
39.595 6.7797
46.923 19.943
39.55 10.427
44.656 13.894
35.548 4.2239
39.84 10.839
42.288 10.007
39.241 8.9562
45.91 14.553
36.309 7.398
40.206 10.181
43.974 13.759
43.807 11.791
39.574 10.448
38.633 6.583
36.59 7.9085
35.931 7.5398
39.388 9.4559
39.553 10.957
39.107 7.358
37.04 7.8672
35.798 7.1848
43.005 15.297
43.582 11.857
43.084 11.394
41.979 12.178
35.949 8.1979
42.238 9.9006
41.713 9.4083
35.329 8.0595
38.674 9.0975
38.563 8.0119
35.494 9.8459
37.02 7.2278
43.073 14.159
42.761 11.727
44.172 15.791
39.651 9.5507
44.237 15.27
44.761 11.658
42.055 9.9259
43.015 14.181
35.003 5.8626
44.634 16.216
39.58 10.692
38.578 8.5675
34.234 6.062
36.738 6.487
38.379 11.018
38.271 6.9684
43.965 11.832
41.346 10.179
41.515 9.861
30.185 1.0685
37.307 5.9788
42.502 13.079
42.584 12.5
42.561 11.164
35.816 6.3284
39.951 10.098
36.555 6.7824
40.056 9.7465
44.485 14.592
42.457 13.782
40.402 11.097
47.072 16.132
38.883 8.3583
36.99 8.7428
42.546 10.252
42.183 11.009
39.303 9.0822
38.007 10.12
36.499 4.2246
44.2 12.739
43.211 15.475
44.146 13.979
35.952 5.7813
38.211 11.056
37.141 6.1391
47.49 15.49
48.638 16.518
37.373 6.7719
44.162 13.443
39.276 10.482
41.225 11.262
38.239 7.0474
44.231 11.33
40.897 9.9484
41.794 12.711
39.637 10.419
40.358 9.725
44.168 11.847
44.118 13.641
46.839 18.522
36.264 7.1217
41.386 10.069
42.898 11.117
38.576 8.0387
38.137 9.2622
42.117 11.041
40.264 10.626
40.836 12.154
41.852 11.288
37.614 6.8183
42.51 11.549
36.613 8.5997
42.273 10.459
36.908 6.9953
46.531 14.133
40.231 8.2831
36.484 7.9523
34.997 6.4196
44.274 15.032
38.085 7.9717
37.334 8.454
40.133 9.237
39.734 10.647
41.964 13.844
42.109 11.705
42.843 12.073
37.375 6.3364
39.871 11.147
40.522 12.858
36.936 5.1841
35.483 1.0565
39.359 9.8021
38.56 8.1991
41.586 11.473
42.296 12.418
34.859 6.8959
37.903 7.6816
42.405 11.973
42.385 14.366
46.903 15.776
38.907 8.6096
39.778 8.0532
39.112 10.599
41.647 11.098
41.091 11.422
45.312 16.48
38.798 11.783
41.383 9.8085
45.269 14.435
37.969 7.6882
39.318 8.1536
45.721 14.842
44.724 13.088
35.644 5.4316
44.293 13.165
39.075 7.4733
32.464 3.4701
43.226 13.307
37.67 9.2052
46.921 16.553
41.767 12.949
35.093 4.7564
33.473 3.282
43.92 14.505
37.537 7.2894
35.073 5.1539
38.301 10.446
36.726 6.9025
42.039 11.741
38.507 10.402
35.244 5.5246
35.192 7.1274
34.019 3.6984
36.591 7.2396
49.514 19.093
41.973 14.602
44.501 15.093
41.647 13.022
35.207 6.3583
44.029 15.186
37.844 9.498
36.733 6.6157
43.028 15.263
40.666 9.7065
33.946 5.8295
38.222 6.5847
35.077 7.7851
38.971 8.7666
41.217 10.931
37.732 7.1158
38.435 9.5069
46.497 15.668
42.8 15.358
38.745 9.2032
35.938 6.279
40.288 7.9812
40.829 10.859
37.381 7.0775
43.09 12.852
34.866 7.4777
38.574 7.4888
34.58 6.0929
39.653 9.193
43.443 13.396
38.92 9.919
44.465 13.671
42.479 10.732
