29.788 0.40081
26.756 1.7554
27.787 3.0974
26.349 -0.24367
26.494 6.435
29.798 5.7772
20.455 1.748
30.594 6.4905
23.715 5.4294
25.569 1.4864
22.83 5.515
24.987 1.6469
32.214 7.9506
24.819 1.0768
25.466 7.4061
28.177 2.0699
30.518 3.9601
22.479 2.7452
23.776 -1.2121
28.578 5.3387
25.007 1.3435
29.216 7.692
23.045 1.3911
29.708 4.4214
22.946 0.18967
26.344 1.9635
22.09 4.3493
19.921 5.112
26.265 -1.9923
26.223 1.8806
20.082 3.8705
27.805 1.4261
25.054 7.9971
26.911 5.3011
28.412 0.90888
31.712 -1.6871
25.052 8.929
27.702 5.5661
27.707 3.433
28.629 3.32
26.989 0.90474
22.151 7.6189
24.761 0.31297
29.101 2.1295
26.559 8.4183
31.544 4.0273
24.918 -2.0548
23.774 3.9909
25.96 1.385
28.165 0.66463
25.796 1.4294
25.628 2.0148
24.5 5.2782
30.195 2.1355
27.937 -0.23815
29.136 -2.3111
26.979 4.3174
29.632 4.2497
23.822 5.7583
25.701 1.8091
25.488 -0.51943
30.704 1.6543
25.152 3.2707
23.532 3.9076
25.281 5.4192
28.139 4.4261
27.155 2.1335
26.691 3.8019
22.269 5.6071
27.151 5.1913
27.415 1.2982
23.036 0.58982
23.826 3.2145
30.488 4.8497
31.027 2.2918
30.098 3.0779
28.813 3.2786
23.785 2.9109
26.215 2.154
30.26 3.6728
30.486 6.9315
25.073 2.7979
22.796 -1.1658
25.144 0.34234
27.303 7.4013
28.821 4.9833
27.432 -2.6099
33.352 0.35859
29.697 4.4389
29.958 5.3911
25.818 2.23
24.266 -2.0355
27.115 2.3263
25.783 -4.1587
25.134 8.8406
28.944 10.957
24.392 5.2191
23.999 3.4161
23.565 3.1897
26.379 1.2079
27.839 5.0807
25.8 1.1453
28.122 4.9811
26.431 1.4893
24.428 4.3807
32.797 2.6012
26.033 2.7865
22.722 4.6831
23.777 0.26361
34.283 1.7205
30.94 1.5382
27.631 3.9602
29.061 1.3818
27.652 4.3988
24.932 2.2584
26.374 -0.20161
24.922 7.5632
26.881 8.6288
25.663 2.35
20.107 2.7584
26.653 5.3859
27.752 3.7043
31.371 5.5505
26.093 3.2168
24.625 5.4435
31.803 1.6612
27.724 7.1084
26.357 -1.6758
27.231 4.5971
27.087 3.7484
26.53 12.589
25.16 2.1275
20.346 2.8311
24.046 5.2597
25.095 2.0766
25.406 4.4928
27.722 1.5375
28.186 5.118
23.269 1.2605
26.593 5.8181
25.577 3.2636
27.131 -2.8765
22.372 3.3273
30.147 0.13614
29.584 1.342
19.051 -1.2989
27.654 6.9296
28.411 1.4614
22.658 4.2712
27.544 9.3465
24.026 2.2698
22.181 7.3072
24.495 1.0018
24.153 4.1505
22.313 -1.2598
21.042 -2.2244
21.696 7.6522
28.602 -7.6783
28.563 5.8832
21.583 4.5442
26.054 2.3179
29.191 0.90598
24.462 4.2749
26.415 8.4093
22.364 2.7137
30.505 3.6983
28.516 2.2615
24.111 1.2392
31.535 1.0357
30.337 -0.76387
27.075 3.214
32.895 3.8931
19.786 4.6205
23.486 4.3454
25.118 3.1555
25.77 6.7896
23.099 -0.94949
26.629 -3.1945
32.3 6.787
28.94 -0.97894
33.605 -0.44126
29.876 1.533
23.659 1.3427
23.843 5.7153
23.967 2.7262
25.592 7.2007
31.251 1.5566
26.429 8.7274
27.178 2.22
22.346 1.4357
21.331 5.2534
25.662 4.2157
26.899 -1.0143
27.183 5.0963
30.162 4.6604
32.96 4.8666
25.061 7.2319
31.414 3.8907
32.417 1.4772
20.358 1.8905
22.553 3.6138
27.787 8.2886
24.843 4.1899
26.462 3.5508
24.119 4.7358
23.424 2.1784
19.797 4.9205
25.504 7.2329
27.03 7.4993
21.566 -1.6059
23.187 0.72352
23.824 1.3531
18.925 1.3622
26.903 5.2986
28.217 2.0567
31.286 1.3226
24.458 4.608
25.118 1.2761
26.263 4.6721
25.084 3.4126
27.447 1.0791
32.579 0.27179
25.794 3.2356
29.212 2.0229
30.281 0.39816
24.319 0.21812
28.208 1.7075
28.115 4.4577
25.925 7.9214
25.763 4.5971
27.581 3.6866
30.843 -4.069
30.892 5.4067
26.903 0.064661
27.864 3.4566
31.174 4.1033
19.151 5.2748
28.401 -1.393
25.209 9.0026
24.185 5.7577
31.318 5.0928
22.771 2.6297
28.475 -0.36718
29.93 3.5448
21.629 3.454
28.719 0.99595
22.424 3.8859
22.02 -2.376
25.551 2.7551
21.292 2.5582
