32.564 -3.4294
33.059 -3.0271
23.66 -9.1374
30.476 -2.8455
24.331 -11.192
32.161 -1.0977
28.807 -6.3904
26.351 -13.943
37.813 -0.49968
37.217 -0.15832
32.581 -2.5648
32.749 -2.0914
32.669 -1.7865
35.888 -1.0965
26.301 -7.29
32.716 -5.3278
27.087 -8.2281
26.879 -6.4339
32.479 -5.139
29.771 -7.3898
36.128 -1.4875
27.525 -7.8842
25.381 -7.0915
32.947 0.47517
32.566 -3.2595
31.311 -4.9157
27.265 -8.6636
33.706 -6.162
37.416 1.8358
31.576 -4.0695
32.706 -2.5824
28.298 -6.4325
22.244 -11.718
39.788 0.48966
33.839 -1.6935
27.675 -7.3118
40.776 6.1477
35.908 1.4797
29.271 -7.8727
27.107 -6.6288
37.845 -3.3715
40.925 2.9872
34.671 0.26964
32.858 -4.9668
23.135 -8.237
38.475 0.28776
28.934 -3.7226
31.224 -3.4307
42.475 -2.2358
36.145 -0.19995
30.517 -5.763
24.939 -12.303
33.181 -0.12864
27.947 -2.9471
37.533 3.5217
31.183 -5.2935
17.869 -13.932
33.658 -4.9926
32.183 -3.0301
33.727 -3.2729
38.797 -0.86746
25.437 -8.3222
33.397 -3.4512
26.882 -7.0459
28.847 -6.2334
32.07 -0.63359
24.592 -9.6314
32.295 -2.8222
31.012 -1.1803
29.247 -7.3334
25.323 -6.911
36.238 -3.6703
34.826 -3.9607
30.178 -5.7406
28.304 -5.081
40.191 -0.75729
31.744 -8.8405
30.687 -6.2851
33.974 -4.7478
29.836 -6.8366
29.117 -5.875
24.181 -9.4754
29.883 -4.9016
35.339 -0.40836
22.497 -8.3062
35.93 -3.1531
36.906 -4.194
21.109 -13.029
25.199 -8.56
29.922 -6.4357
29.238 -5.5441
31.787 -2.2893
24.34 -11.144
32.069 -3.4583
32.639 -3.4209
28.799 -4.7504
26.683 -8.845
24.085 -9.0002
30.269 -4.721
37.1 4.9428
24.246 -10.244
29.692 -2.1419
31.455 -3.7377
34.159 0.68585
24.987 -8.579
30.272 -7.7924
29.249 -6.9757
27.355 -4.0759
23.721 -9.3487
29.612 -5.0183
36.657 -0.56459
24.227 -10.695
29.552 -5.9705
29.244 -5.8913
23.174 -10.33
31.553 -3.5734
30.683 -5.275
35.516 -2.1903
34.373 0.18584
22.951 -11.302
21.017 -12.562
29.717 -6.7019
26.352 -6.546
29.768 -5.807
28.506 -6.9613
32.289 -5.1915
32.996 -2.0413
28.082 -6.4535
28.487 -5.7916
25.577 -9.3106
27.489 -2.4279
32.975 -2.1149
40.524 1.5064
38.042 -2.7401
33.937 -2.8459
28.303 -8.0108
34.327 -1.4246
27.402 -7.5687
30.983 -4.141
28.87 -6.6417
30.753 -5.7582
36.039 -2.9426
35.575 -3.5411
34.678 -2.0061
25.904 -8.9024
29.139 -4.5524
18.673 -9.9488
30.525 -4.3482
32.282 -4.479
29.568 -6.2233
28.941 -8.8845
27 -3.9825
24.239 -6.8021
27.314 -5.7378
28.649 -4.5181
31.317 -3.4106
29.902 -5.1912
30.172 -4.3737
31.949 -3.5267
27.597 -7.5561
29.311 -6.5391
36.845 -2.4698
27.59 -10.123
31.268 -3.1181
24.857 -9.5684
35.165 0.093142
28.034 -7.2974
30.654 -3.0603
31.038 -4.9301
28.24 -5.9025
28.681 -6.7068
24.962 -9.612
30.749 -3.5608
21.981 -9.1705
32.805 -3.1278
31.427 -1.978
32.22 -1.3638
33.468 -3.1446
24.402 -7.8152
33.003 -4.5772
29.21 -3.7542
27.245 -6.2346
25.774 -8.2176
22.852 -5.1541
21.177 -12.852
35.131 -1.3586
26.341 -7.7722
34.122 -6.1302
33.454 -4.5409
31.268 -7.0188
31.824 -4.1171
33.858 -5.1473
33.823 0.068579
23.457 -7.8726
38.077 -0.27685
38.862 1.1315
41.318 3.9624
32.815 -2.9525
26.393 -3.722
27.61 -5.9178
37.53 -0.055278
25.188 -10.776
36.23 -2.357
27.444 -7.3395
34.492 -5.8788
33.803 -2.1477
30.424 -6.9468
26.308 -8.0201
29.795 -3.4734
28.34 -4.4006
19.475 -11.354
35.375 -3.2094
34.19 -3.8829
30.963 -5.0963
38.359 -3.7428
34.329 -4.0724
33.058 -1.8513
36.954 -3.3419
25.445 -8.8282
35.04 -3.5262
30.641 -8.2203
23.01 -7.2149
29.253 -5.9178
26.661 -8.0015
25.813 -6.6844
29.946 -5.0868
34.368 -2.1277
32.519 -5.739
30.191 -5.2535
36.915 0.30888
32.462 -2.1785
27.143 -7.7106
37.541 -2.2445
28.927 -5.4328
38.486 0.63815
33.317 -5.0741
33.98 -1.2993
36.324 -1.9116
26.001 -8.0975
27.363 -3.2169
25.649 -7.7604
35.037 0.25748
26.591 -5.7948
34.944 -2.1059
35.562 -1.1383
32.327 -4.4656
27.104 -4.5544
33.545 -0.28927
29.359 -4.0338
26.708 -10.775
