1.9008 2.2285
2.2883 3.9856
2.1952 6.1992
3.144 5.4173
1.8214 2.8641
5.1317 1.9807
8.9599 1.353
5.0013 4.183
3.3605 3.0905
1.8572 5.1018
5.3349 2.1957
2.7854 4.2407
3.0359 1.2829
3.8764 2.5369
1.9847 4.0813
3.9366 1.4371
3.414 2.6168
4.7206 1.0005
-0.34562 7.8862
6.6229 2.0673
2.5277 1.6292
4.1624 3.1215
6.4481 1.78
2.2845 5.5781
1.8964 3.1274
2.6677 3.5423
3.2289 2.516
-1.7005 8.8628
7.4655 0.28299
3.7183 2.3955
3.901 4.2695
4.862 1.7452
2.7752 4.5039
2.7216 2.0217
5.993 2.7484
4.546 3.5894
7.3066 -0.13533
6.9842 1.8632
3.7678 3.0655
0.32677 5.7242
1.8959 8.9048
3.1742 4.2804
7.1742 3.0038
0.32695 7.5547
9.9167 -0.80137
4.8564 1.9464
4.3319 3.8193
1.3796 4.4088
4.069 4.0966
4.8627 0.98539
4.9279 2.351
1.3426 6.3712
2.0048 6.839
3.0877 5.2102
2.5023 4.1888
-1.938 6.5358
4.4648 2.5909
1.9848 6.7247
2.0992 4.9341
4.4123 2.2669
4.6543 2.713
1.8461 4.9587
4.1691 3.4079
2.0608 3.9152
6.4575 1.3321
0.086256 5.0999
2.0871 5.4352
2.8843 1.3891
0.22376 6.6495
4.2551 2.1285
0.48939 5.3232
4.834 1.2346
2.3062 5.5502
3.6199 3.0337
2.7319 3.9736
6.1252 0.99327
0.59417 6.1071
2.7725 4.3058
-0.17477 6.2148
4.2818 3.3664
4.5783 1.8587
4.7113 2.0798
2.3596 4.8531
3.7436 4.1583
2.8257 3.4916
3.5032 5.3556
0.032222 5.4458
1.7919 5.9612
4.0665 1.3344
6.6716 2.3298
4.4323 4.3216
2.8971 5.1377
3.0573 7.5054
1.2895 3.2266
6.4983 2.2501
6.4556 -0.0012991
5.5048 0.8596
3.6784 1.9737
-0.14495 8.1379
4.7129 2.8398
2.9741 4.8881
2.4927 4.9052
4.7507 3.0953
-0.31782 6.0541
5.3445 0.20344
7.614 0.47544
1.3257 3.5461
3.3332 1.9598
5.4369 5.1796
3.0359 6.4395
2.9002 1.7586
1.9807 4.6616
3.593 2.6307
3.1833 4.0223
6.8959 1.1936
3.0199 3.6936
5.8745 2.7448
3.1911 4.0574
2.5157 4.0966
5.565 -0.034826
2.2376 4.1841
4.9078 1.5535
2.43 2.801
-1.0591 5.9343
7.1707 1.2636
7.6106 -0.28909
2.6257 2.9224
2.6077 3.2602
4.4942 1.0696
3.5068 2.1837
7.3363 2.5167
1.9344 5.5899
5.7781 3.1394
2.9008 4.2272
0.17817 2.4104
2.5994 3.9181
4.7215 1.191
7.0718 4.1245
1.7436 3.9189
3.0183 4.1267
1.9726 4.3277
2.2407 1.7013
2.2195 2.5469
6.0889 1.76
1.7949 6.3734
4.8466 2.8805
4.5829 2.7003
7.1929 0.53267
2.367 4.2216
5.4424 1.096
3.347 2.4545
3.484 1.2617
3.2096 2.0665
-0.34866 5.0866
4.1612 3.6304
5.6118 3.0132
5.7725 1.6974
5.2216 1.512
7.3847 -1.7254
3.6662 3.9216
3.3894 3.9133
1.29 2.0114
6.0563 -0.10692
2.9522 1.6747
4.6552 2.6727
2.7732 3.3656
1.556 4.9307
-0.70315 9.4285
2.6982 4.933
3.9941 4.4789
3.4 2.7548
2.084 6.0896
1.7771 1.2269
5.7827 0.73049
2.8968 4.1908
2.0898 4.5191
2.7209 4.1554
5.7453 2.9451
2.0833 4.5763
2.4797 4.0147
4.8408 2.9379
1.5784 3.8344
0.19988 6.0796
3.5992 2.7135
3.7986 1.2919
4.5396 1.2747
-0.7064 7.4173
4.2864 4.0692
6.2313 1.0794
2.0485 3.9919
4.2807 1.7711
4.235 3.8452
3.7456 2.8718
7.5874 -0.12128
4.2425 3.6111
0.71423 6.9923
1.6503 5.423
2.5569 3.2162
2.6855 5.3679
5.4589 1.7563
6.9146 2.1734
4.3956 1.7766
4.0317 3.634
6.4901 0.84846
6.5545 2.7838
3.0226 6.5734
1.6263 4.6095
5.4267 1.0624
4.3245 2.4584
3.6495 4.4535
4.5351 2.7705
3.2545 4.7565
4.8621 3.5451
1.3777 3.0002
3.2658 4.4031
7.6695 1.0855
-0.80982 3.6746
2.8749 5.0748
1.8207 5.8781
4.1154 3.815
2.2653 5.0278
1.5498 3.554
4.0444 3.6476
2.9754 1.3811
0.37391 4.9539
2.4206 2.805
4.6179 -0.28275
1.5783 4.0598
6.1889 0.45443
5.3711 0.64706
1.6356 4.9398
2.9418 2.0616
2.3461 6.1404
4.0109 2.3161
7.4229 0.43865
4.594 2.6368
5.3163 0.37494
6.6302 0.50494
-1.0793 7.529
1.058 4.6549
4.4023 6.4442
6.08 1.1839
3.8439 5.5385
6.9776 0.64535
5.2484 3.4561
5.2771 1.9401
5.8391 1.3548
4.4583 3.9153
1.909 4.0715
2.3573 3.4965
