0.31497 -1.568
3.2176 -2.2656
1.9496 -0.85417
4.6745 -2.3718
2.6746 -0.61406
3.9305 -0.18562
3.7097 -1.0537
4.7781 -2.7547
4.2342 -1.4095
8.2188 -1.4356
1.9044 -2.8722
1.3212 -2.3936
5.1598 -2.017
3.4589 -2.1972
0.9534 1.1875
4.2115 -1.8882
1.797 -1.2022
6.1304 -1.7262
3.2776 -2.0404
6.6061 -0.35808
7.8268 -1.3134
4.1336 -0.48456
5.5523 -0.69712
5.7376 -3.178
5.2538 -3.1831
4.3235 -0.65186
10.26 -2.448
8.1354 -2.7357
6.4473 -2.8502
2.8094 -0.44888
3.8597 -0.86589
8.5364 -1.4044
1.311 -2.1788
8.2572 -1.2606
5.6591 -3.1554
4.4415 -0.35305
5.1734 -0.84214
6.9366 -1.8809
5.7174 -1.1985
3.203 -1.638
6.8083 -1.6179
5.4119 -1.7504
4.4633 -0.83033
7.5094 -1.8264
4.6376 -0.9879
3.6203 -1.1232
3.8211 1.2199
5.7483 -1.0482
3.3857 -0.81802
3.7299 -0.82846
2.6113 -1.7772
6.1137 -0.69142
8.3859 -1.3996
6.9772 -2.5156
2.9398 -1.7664
4.7054 0.72181
3.7786 -0.51321
5.4395 -1.092
4.658 -2.1089
6.2387 -1.7269
7.9072 -2.2403
4.9081 -0.001353
7.6951 -0.63156
6.0819 -1.4606
9.1512 -2.8565
7.6302 -0.30488
2.3558 -2.6824
7.4078 0.74716
3.0516 -1.863
2.2634 -0.29121
7.4993 -0.8997
7.6286 -4.0124
6.1352 -0.98587
4.1324 -1.2026
4.4662 -2.0562
5.404 -3.0957
3.9156 -2.5916
6.1283 -1.2063
5.8881 -0.9595
1.6054 -2.0095
3.1459 -1.0492
6.4884 -2.2538
7.852 -0.58951
2.5929 -0.96743
6.5701 -2.754
4.6726 -1.8317
5.1912 -0.6753
2.3197 -0.56798
4.099 -0.99694
6.3673 -0.9417
2.6966 -0.32158
7.9169 -1.8442
4.8046 -0.44805
3.035 0.25038
5.9205 -3.3692
4.6596 -0.8186
5.1331 -0.89312
5.9785 -1.9758
5.1254 -0.54145
2.5415 -1.5854
9.695 -0.40471
2.2092 -2.3396
5.2052 -0.68562
7.7221 -0.51251
2.4109 -4.4241
4.6111 -1.7025
4.0632 -3.3541
9.722 -2.1705
4.8287 -2.5267
3.1271 -0.89442
6.5003 -0.35096
7.7538 -0.29101
5.3135 -0.52875
2.5326 -2.0612
7.2219 -2.8694
6.9267 -1.3464
3.1791 -0.24577
3.9905 -2.1234
6.0882 0.9345
3.7441 -2.4458
1.8171 -1.7112
-0.49896 -1.3802
4.1672 -1.6711
6.0774 -1.6535
8.2343 -1.4221
4.0915 -1.78
5.0003 -0.14406
2.9234 -2.4101
8.3108 -1.7522
6.0188 -1.2839
7.7156 -2.6301
4.7768 -3.4132
5.3321 -1.0069
8.0646 -0.20398
3.7112 -4.6194
6.7016 1.4673
9.0324 -0.89076
3.9292 -1.7909
3.4872 -1.6553
3.0508 0.45552
5.0639 -0.25979
9.0352 -3.0367
3.1659 -2.0575
3.5673 -2.4631
3.7181 -3.0049
5.912 -1.6269
2.1054 -2.7826
5.8137 -2.5528
9.5609 -1.2727
3.6053 -0.1995
7.1972 -2.4384
5.9468 -0.65879
0.82707 -0.8766
1.547 -0.95786
5.4602 -2.1853
5.9166 -0.49689
5.601 -1.2992
2.7547 -1.7134
6.9683 -2.7728
7.7274 -2.1943
4.7813 -2.0179
6.6168 -2.698
5.1486 1.0573
0.03 -1.8891
5.5199 -0.6671
2.7523 -2.3078
5.1055 -1.6278
2.4319 1.0192
7.9566 -0.19366
9.8206 -2.2274
5.4054 -1.6179
0.30981 -1.7045
8.8453 -0.98691
5.9842 -2.4531
3.5606 -1.7407
6.0784 -4.0372
4.9551 -1.411
5.3114 -3.6624
4.2831 -1.7082
2.9559 -2.603
6.0608 -4.0648
1.2599 -2.418
4.0873 -1.7741
3.8429 -2.8408
3.054 -1.8905
6.1446 -1.2682
2.9009 -0.67655
7.7333 -2.0922
6.0987 -0.94942
7.4179 -1.4151
5.3039 -1.7156
3.6875 -0.396
7.1478 -2.4043
7.3287 -1.0163
2.4187 -0.0017852
7.4527 -0.26369
2.7117 -1.7813
7.9592 -0.94166
3.0923 -1.8003
7.5588 -1.842
6.7781 -2.6769
5.7637 -2.1267
6.6869 -2.0494
3.2511 -2.3567
4.7966 -2.7126
4.8429 -0.81093
4.9265 -2.6315
5.296 -0.68602
4.9953 -3.6536
5.8632 -3.428
0.96232 -3.0024
9.2808 -0.61012
6.6167 -0.30473
4.8194 -1.6668
2.7938 -2.141
4.1718 -1.5874
5.4724 0.044572
0.10761 -3.1986
5.5045 -1.7706
4.4044 -0.49946
3.198 -3.0475
4.162 -1.2324
3.8749 -2.1852
7.9745 -1.2802
4.1686 -3.197
5.4936 -1.7332
4.2911 -1.5239
4.4887 -1.0057
0.99444 -1.3665
3.5604 -1.3496
1.6929 -1.6869
4.0263 -1.7184
7.0908 -0.22
7.8529 -2.4254
4.0141 -1.9987
7.0384 -2.269
3.895 -0.89031
4.7872 -0.67233
3.8779 -2.1785
1.9572 -4.2967
4.8526 -1.0844
4.0877 -1.1637
1.4884 -2.2035
3.4522 -1.753
4.398 -3.1366
5.5153 -2.3475
2.3566 -0.67383
0.21792 -0.79791
5.3065 -0.94027
2.9499 0.33565
