-1.625 -1.3949
2.5206 1.4598
0.55278 1.1899
-0.88239 -0.12524
-0.93255 -0.30589
1.3227 -0.67617
-1.2357 -0.54282
-1.185 1.6474
-0.26512 0.329
-0.40604 -1.8755
-0.80379 0.26591
-1.1945 0.15441
-1.5845 -0.789
0.80997 1.7247
-0.22945 -0.57848
-5.9197 -3.7682
-0.84861 -2.4023
-1.7718 0.74547
-2.2635 -4.2641
-0.54873 0.14458
2.2482 -0.47083
-0.13436 -1.2447
-1.7524 -0.66267
-0.66238 -0.80057
0.49639 2.3656
2.7951 1.4705
1.2919 0.48916
1.2785 -1.0085
-1.4008 -2.5162
-0.043751 1.3231
0.66779 0.77204
-0.47883 0.25328
-1.545 -0.32711
-0.72897 -2.8278
-2.1022 -0.86558
-0.61723 -0.72744
-0.48834 -0.21331
-1.8444 -0.099667
1.3077 -2.9509
0.92031 0.64627
2.5962 2.4549
-0.3088 -0.84911
1.4073 -0.25634
-0.646 0.59033
3.2954 0.65072
0.90599 -0.88415
-2.7315 -1.9133
-2.8255 -3.0049
-1.146 -0.78893
-5.98 -4.1492
-0.32089 -1.1891
1.4831 1.338
1.7274 2.0423
1.2715 3.245
0.97015 1.3496
0.31236 -1.497
2.337 3.7265
2.5029 4.0276
1.3686 1.0908
-0.26599 -0.4809
-1.6141 -0.31715
-1.8388 -1.7177
-1.017 0.72134
-0.78428 2.0844
-1.8269 -2.8503
-1.06 -2.4581
0.61279 -0.0037517
-1.0317 -3.2488
-1.3337 -1.8739
-0.28816 -0.57938
-0.61127 -2.0526
0.13826 0.16999
1.1832 -0.10592
4.7452 3.0037
0.91609 1.3396
-2.5702 -1.702
0.25989 0.90496
-4.4087 -3.3392
0.024888 -1.3445
1.5286 2.8162
-1.3247 0.36439
1.3529 2.6091
-4.6718 -1.2124
0.21757 -3.5016
1.5321 0.52775
-2.2517 -2.0948
-1.1549 -1.4802
0.89649 0.73416
1.7594 2.7456
0.007939 -0.79138
-1.5862 -3.1573
-0.099311 -0.20065
-0.0074963 0.46062
-1.4929 0.84555
1.4481 2.3762
-0.44509 -0.99195
-3.2331 -2.6453
-1.4012 -1.185
0.08053 0.42302
-0.30453 -0.54386
-1.3459 -1.7522
1.2298 1.7082
-0.083183 -0.89421
1.496 1.3608
0.89035 2.525
-3.7318 -3.7285
-1.1375 -1.9512
1.2502 0.62217
-0.35283 -0.22511
-0.97211 -0.70027
0.18909 3.268
4.6014 3.8319
-1.6168 -2.7271
-2.46 0.023049
-1.1634 0.42421
0.68229 -0.11674
-1.4912 0.7595
-1.7638 -0.97085
0.82192 0.34612
3.2243 6.0856
-0.2921 0.2092
0.17098 1.2523
-0.10787 -0.27836
-1.0243 -1.3497
0.9808 0.6071
-3.5426 -2.8802
-1.7742 1.5387
0.19963 0.27466
-2.264 -0.060532
-0.99726 -2.9175
3.3376 1.565
1.0593 0.29458
0.61046 1.752
-2.0124 1.3041
-0.5378 0.61954
0.28126 -0.79304
0.38415 1.7288
-0.90348 -1.1669
-0.060788 -0.34748
1.1262 3.0612
2.1214 3.7488
-0.10406 1.3883
2.1593 4.5991
-0.8154 -1.3554
1.0778 0.86111
0.45073 -0.31427
5.2871 5.5473
1.5224 1.9436
1.1055 1.3915
-1.3377 -0.37625
2.5719 3.2637
0.071387 1.7735
1.7549 2.9062
-1.0183 2.3423
-0.2382 -2.1668
-3.4712 -1.2823
3.0548 0.027815
-3.4223 -5.2809
0.16476 1.1403
1.705 1.9029
-1.1055 -0.31088
1.3583 1.5088
1.7529 1.8911
0.75885 1.0151
-1.1756 -0.93375
1.4323 -0.67098
0.93345 -0.057696
-2.8484 -0.24709
0.74333 -0.69432
2.0133 -0.079161
-1.2267 -2.2539
-2.1746 -1.1615
-3.0342 -3.6446
-1.6372 -1.368
1.4026 1.2435
3.3283 1.1613
-0.44421 0.14142
2.8994 1.3695
0.20829 0.82178
-0.59075 -0.0018724
1.4159 -1.0848
-1.5196 -1.2533
3.308 1.2173
2.9999 1.1401
1.9923 1.4547
1.422 1.4333
2.8423 2.5082
3.557 0.23718
1.6612 0.014512
2.6979 4.0762
0.22783 0.7424
-1.3645 0.01155
2.1444 -1.0027
-0.18261 1.2959
-2.9122 -3.5631
-2.9829 -1.1132
-2.1939 -0.60455
-1.2963 0.32173
-3.3926 -3.2348
-2.2422 -2.0908
-0.15681 0.37146
0.61983 2.2551
-4.0298 -1.1748
-3.0475 -2.6219
5.7411 4.5378
2.3487 2.3485
-0.807 -2.3257
1.6824 3.5076
-0.64903 -1.6736
-0.75423 -1.1471
1.2773 2.141
-1.3176 0.06011
1.1868 1.515
1.7918 1.1223
2.9562 1.4778
0.38673 1.7111
5.6102 2.5046
-1.4815 -2.5019
-1.7367 2.1516
-2.8915 -2.7417
-0.01103 0.69469
3.0085 1.2742
-2.621 -2.9067
-1.8103 -2.371
2.5896 0.72829
-3.5828 -3.449
0.26514 -1.5165
-4.0133 -4.7759
0.13277 0.012194
-4.7817 -5.0064
-1.0741 -0.59522
-0.47923 -1.5484
-0.87444 0.39625
-5.8586 -4.9473
-1.2124 -0.51522
-0.95119 -0.39361
1.1038 0.54543
0.12532 1.4364
1.0461 2.5951
0.043486 0.3107
-0.7857 -2.1186
2.5854 0.56867
0.69514 1.5015
-1.572 -0.77856
-2.8684 -1.8364
0.62331 0.26658
-0.61934 -2.2023
0.68412 2.1684
0.74262 1.8377
-2.8025 -2.6688
