-0.02992 5.0641
-1.0267 2.6153
2.3889 2.382
-0.033724 1.5192
1.4009 2.9711
1.7822 -1.0721
-1.3027 0.040583
-1.552 -0.18852
1.566 1.0913
-0.012788 -0.29307
-0.038294 -0.92492
0.72063 -0.46205
-1.5681 0.53961
1.1651 0.31004
1.3495 1.3347
0.3231 2.2631
0.96667 -1.9124
1.1474 -0.8149
-0.083579 0.72243
2.132 -0.07165
-1.9098 -0.67825
0.80233 -0.015246
0.8376 -2.5481
-0.78128 0.028692
-0.52167 -2.4911
-0.89115 -1.0019
2.0973 1.2231
-2.2717 0.73777
1.9436 2.8234
-0.61649 -1.9922
-1.0892 -1.6476
0.86534 0.5847
-1.7306 -0.74339
-0.14042 1.0509
0.13382 -1.1762
-1.2944 -1.9754
0.23636 -0.36933
-0.60486 -1.4836
1.0822 -3.8471
0.68503 -3.4549
-1.7327 0.088638
-0.69329 -0.18918
-1.8064 1.836
0.62136 1.5891
0.35494 -0.37075
-0.28005 -0.050446
0.69614 2.7134
-0.72689 2.2639
2.7578 0.8159
-0.8474 -0.70147
-0.36001 1.476
0.10456 1.2015
0.69425 2.4913
0.065464 0.83216
-1.3817 2.8428
1.0679 -1.101
0.20821 -1.5682
1.6082 0.96213
-1.3714 -0.091035
-1.8056 -0.63773
0.93269 3.9212
0.38182 -0.77904
0.47716 -0.092985
1.0242 4.1561
1.1481 -0.57866
-0.27485 -4.4096
0.084947 0.71801
-0.36009 -0.48596
-1.976 2.5693
1.7324 -0.4867
0.16084 -0.61399
-0.28747 -2.1054
-0.53938 1.159
-0.46724 1.6833
-1.109 0.79734
-0.88164 -1.2268
2.2414 -3.3776
0.29273 1.112
-0.71431 -1.8699
1.6044 -1.1681
0.57542 -0.68046
0.63107 3.4992
0.63384 2.2502
0.98283 2.6866
1.8094 3.3188
1.46 -1.7168
-0.62687 0.34586
-1.354 0.30167
-4.57 1.4147
-1.4823 0.58193
-2.9633 -0.53888
-0.40349 -0.20899
-0.4594 1.2209
-0.01994 0.82023
2.623 0.66375
0.17972 -3.9432
-1.3228 -1.4163
-0.74533 -0.27525
0.2675 0.44475
-1.2695 -1.7464
1.3036 0.59518
0.10098 1.3748
-0.57193 -2.0462
0.88182 1.5708
-1.2397 -1.9003
-2.8385 0.65622
-0.83685 2.7836
-1.0653 1.1984
-0.10335 -0.098871
0.11013 -0.38072
-0.022849 0.2396
-0.48606 2.7645
-0.54742 1.9498
-0.94757 -1.6277
-0.69764 2.4436
-2.2062 -0.98926
0.40048 -0.069888
-0.93993 -0.305
1.1116 -0.0015967
0.43072 1.7752
2.2463 0.20362
-0.99216 -1.9082
1.6551 3.0096
-0.55774 -2.0878
-0.49933 -1.9809
0.96476 1.9177
0.25358 3.2858
-1.0748 0.40029
1.8461 0.47394
-0.50866 2.8215
-1.2807 -1.1216
-0.13482 -1.105
-1.622 -2.773
0.85564 -0.40096
-0.07975 -0.28977
-1.0627 1.5885
-0.14227 -1.6028
-1.9194 0.49302
-0.71126 3.8347
2.0762 2.0717
-1.3905 1.471
0.20238 0.18548
-0.12102 -0.44173
-0.67324 2.3399
-0.40537 -0.88439
-0.19776 -0.0060649
2.0323 1.1376
-0.71347 1.3706
0.85937 -0.43625
1.7632 1.4897
1.055 1.2849
-1.5418 -0.89081
-0.77263 0.80034
-0.54605 -0.60887
-0.14156 -1.6741
0.18323 -3.5535
-0.06653 2.3937
0.63965 -3.9375
2.2188 0.017885
2.7218 -0.62198
-1.2862 -0.071457
-2.2164 0.28274
1.5299 0.025661
0.74409 2.302
-0.67279 -3.0091
0.69508 -0.096024
-2.0105 -0.2042
1.0346 0.54744
0.60461 -1.9909
0.52403 1.6438
-0.42799 0.83335
-1.3273 -1.1711
-0.72936 -0.039688
1.4299 -2.5239
-0.91371 0.25963
1.1378 -0.62494
1.881 -0.37118
0.087194 -0.035534
-1.5539 -1.3507
-0.31961 2.9132
-1.5916 1.4524
0.41814 1.5448
0.48795 -0.75143
0.15911 -2.464
-3.0522 -3.0609
1.7044 -2.0267
-0.54776 -1.3356
-3.004 0.51566
-1.4123 0.29729
1.4301 -2.1613
1.2447 1.4396
-1.5323 0.80018
0.60931 0.031302
1.1344 2.9964
2.0974 -0.32757
-0.31349 -0.71669
-0.82578 1.9132
2.867 -0.88975
-0.93891 1.9382
2.3357 1.9213
2.4981 2.5102
-0.3964 -1.0955
-0.21446 -0.60479
-0.20805 0.44857
-0.40939 1.0322
2.1266 -0.42854
2.9545 -2.6187
-0.43451 -0.28322
-2.1839 2.5171
-2.5722 -1.081
-2.149 -3.183
-1.0917 1.5926
-2.4021 2.1395
-0.32746 3.2224
0.10176 2.1705
0.58534 0.60142
0.37189 -1.4925
-0.7321 1.9381
-1.1502 -1.2708
-0.53531 -1.4615
-3.2605 1.4064
0.16278 1.2435
-2.7293 1.0784
-0.84881 0.56541
1.5457 4.652
1.094 -1.4815
-0.050762 2.3635
0.37486 0.50569
0.37434 1.3134
0.81437 -1.8091
-0.70734 0.44711
2.2131 0.035589
1.036 -4.4157
-0.31087 1.1586
-0.77407 -0.43123
1.5097 2.1541
0.18635 0.77799
0.46871 1.9482
1.4897 2.6368
2.4425 -2.2466
0.76176 -0.31218
-0.058554 -1.8528
0.28351 -1.3061
2.2024 -0.7326
1.0765 -0.88228
0.16673 1.1666
0.95549 0.78595
-1.4747 -1.6388
-0.84026 -2.6743
0.72728 -1.3125
