-3.0836 -7.4587
5.3025 -6.4207
-5.8327 -5.2854
0.67886 6.6086
-6.4908 -3.1073
8.9106 7.2218
2.9603 3.3704
-5.7833 2.4926
6.9514 9.6656
4.7551 -0.27429
10.139 2.9672
-1.2611 -8.2375
-11.782 5.0222
6.6468 9.7721
-5.5293 2.9746
-1.1861 -6.622
-6.7744 10.317
-3.1781 4.9978
0.16299 -1.6173
-6.0168 1.808
3.2556 -1.3156
-4.6201 4.4886
9.0958 7.8167
2.4062 4.1686
4.2421 4.1838
0.29761 6.3469
0.91256 -8.5294
1.1493 -2.5356
9.7906 3.3959
-4.3804 -6.2631
1.2029 -2.0905
2.7977 -1.098
-4.8492 4.3484
-5.3009 -3.2839
0.88098 -2.2263
-5.0721 3.1157
-0.058182 -1.3128
3.7492 1.5041
3.313 -0.36415
9.561 -4.5946
4.9854 9.7516
-0.35644 12.286
10.794 2.096
8.8431 6.7202
-6.1438 1.3972
4.2948 11.17
10.734 4.0819
8.6215 -4.9693
4.1932 3.3563
3.1978 3.4909
-5.1341 10.427
10.867 1.7599
0.97684 -1.8633
-5.305 1.1231
-11.139 4.7054
0.17599 5.0192
9.145 -2.6414
-10.204 6.1793
-2.0073 12.435
-3.7857 -5.6172
3.9896 3.9645
3.2113 -1.7945
0.15661 -7.0423
1.9936 -8.1593
-11.186 3.6955
0.40894 -2.0147
0.17345 6.4202
-0.52436 -1.415
-6.4647 -0.22058
-5.3613 2.3876
5.9587 9.585
3.5946 -1.0594
-3.3685 11.416
5.6114 11.312
10.297 0.054802
4.0852 -6.5535
1.0231 -2.631
-10.243 8.1218
2.8591 -8.6651
2.5388 -0.3471
-7.0863 10.468
-0.67977 -7.7858
0.31155 6.4843
0.27121 -8.8447
-3.8873 -5.4647
-12.204 0.78497
10.257 6.1233
-3.0753 -5.9202
-4.8193 3.4279
1.0828 11.568
3.2867 -1.9173
-7.6477 9.3335
1.5801 -1.746
-12.929 2.8787
3.596 4.1105
0.89102 -1.7877
3.4755 2.9362
-0.33247 -1.444
7.3464 -6.1
-4.9236 3.5179
-6.0238 0.63679
-9.5045 7.9625
8.1436 6.7201
-5.6848 -4.2491
5.8201 10.186
4.5806 -6.762
-5.6138 3.613
-3.7449 -6.2238
5.2372 -7.54
7.8442 8.1947
7.3023 9.5133
1.895 6.1147
9.9198 0.87925
8.9343 5.8078
0.32931 5.1104
-0.17823 12.923
-5.4865 -5.0106
-3.277 11.167
-6.0756 -4.1988
6.8447 9.1564
-1.018 6.0611
-5.7819 -0.10351
9.3728 -2.4512
4.1048 1.285
0.42883 -2.2164
10.848 1.0956
5.2403 -7.6554
3.4565 2.1924
9.7845 -1.7866
-0.59192 -1.6088
-3.0577 -5.4722
2.9146 3.4873
-3.784 4.0315
1.7885 4.3713
-3.8138 -6.1155
10.058 0.22082
3.692 2.2957
2.1508 -7.5299
8.9568 -2.4114
4.8586 0.91859
4.184 -7.7365
8.937 -2.6507
8.827 -3.2817
-5.573 2.6187
4.4957 2.0418
-5.4629 4.5139
-6.1978 1.1634
-0.44532 5.2825
0.0051406 12.178
5.8419 -6.3999
3.9658 1.8877
0.00050726 5.6746
3.5137 -0.046751
6.3108 -6.1982
-4.2038 -4.0139
3.2185 3.7343
2.9295 10.674
3.6456 1.5466
-7.1321 -0.58508
3.499 12.296
0.3447 -1.4946
-3.564 11.755
-3.3716 3.9824
-4.7397 -4.1137
-3.3985 -6.7125
-11.048 3.0303
0.40125 4.8261
-6.4424 1.4196
4.5069 1.1323
0.22967 -7.5476
-0.47774 -0.72028
4.4065 9.8995
4.8206 0.30187
-0.95604 -0.74474
2.1379 -7.246
-4.8071 4.7016
4.2564 2.4146
-1.7813 -7.0775
4.7874 0.51559
8.3812 -5.6531
3.7044 0.38459
-4.0671 11.53
-0.16442 6.7301
10.777 -0.46765
-4.8499 -4.3623
4.0438 1.7193
-3.8325 10.874
0.53635 12.831
0.98343 -0.90137
-7.0829 -0.45841
-0.89187 5.4463
-2.6802 -6.9028
3.8431 2.1253
0.28524 -8.4941
-10.011 8.6479
-3.4305 5.5581
-0.97097 -8.5295
5.4326 9.8503
0.48015 5.1484
3.7716 0.46034
-6.6468 -1.1892
4.7413 11.203
9.7786 -3.1041
-3.1706 -5.6491
1.9051 11.754
1.7298 4.964
2.5137 -1.4379
1.1989 -1.1377
-12.36 3.0499
5.7436 -5.8765
7.075 -5.2071
-4.6782 4.7287
2.0452 -0.91911
2.6318 -1.4409
-5.9067 2.6611
0.6006 12.38
-4.9765 -5.1071
5.3293 10.457
-5.6205 -2.4383
-1.1137 -7.2699
3.4739 10.403
-0.74727 -7.7487
4.6898 9.9522
3.8925 2.1563
-11.412 3.241
-4.1399 12.387
-5.1684 -5.0547
-4.8768 2.7919
2.7984 4.48
2.7658 -1.3131
-12.797 3.2288
-4.904 2.557
-6.5528 0.065557
1.1679 -2.5623
-4.5597 -5.569
4.1299 -7.8234
4.2574 0.92035
0.97233 -7.8465
-6.5249 2.3239
0.52436 5.4788
2.6339 -1.2228
-5.89 -2.9425
-12.053 1.9993
-5.4721 0.52351
1.7733 12.005
0.16997 6.5562
4.1659 -1.2169
10.86 3.6516
3.9627 4.7817
-1.4833 -7.4722
-6.4992 2.6903
4.9153 0.023778
-5.7092 0.40345
-4.9121 10.19
-11.493 6.6404
2.9542 -8.7421
8.8568 -5.6181
9.7473 -0.76343
0.85243 -1.1327
6.4712 -5.4522
-1.2641 -7.003
-6.1967 0.11092
0.27068 -1.8134
4.3278 -1.4112
9.9483 6.7276
3.2329 -0.91612
10.656 -1.2479
0.97814 -0.80866
-5.8324 0.11676
-1.3235 5.9009
0.68049 -0.95802
-2.9914 4.5464
9.4999 5.1999
-13.217 2.8132
0.91147 12.632
10.805 2.7355
-5.8425 -3.8608
-10.949 6.729
-5.728 1.6862
3.4769 -1.8395
6.9757 -6.9047
0.93709 5.9151
9.8448 -4.3292
-11.763 3.6693
7.435 -6.1324
7.0946 9.6301
-5.227 -4.9774
4.8362 2.6005
9.8134 -0.53779
11.367 1.2262
2.3026 -1.0276
4.0144 -7.0395
9.1702 4.6392
-6.2716 1.9062
0.87005 -1.6252
0.74488 5.3155
0.70649 -0.70866
-1.6908 5.9364
-4.7969 2.9373
3.9655 -1.5103
-3.6653 -5.7629
-2.1803 4.5375
-0.66778 -1.3477
3.0945 11.041
2.9146 5.372
5.7669 9.1148
-4.446 -3.7594
-5.469 -3.6434
-5.8797 -0.43202
3.2864 -1.3651
7.9544 9.5103
-2.0274 -7.1331
3.125 -1.6428
-5.1834 2.4384
8.9285 5.656
0.30311 -0.77998
2.4449 -2.4567
6.5317 -5.7729
0.87217 -1.6324
7.5506 -5.5371
1.9121 -2.6852
-5.6802 1.802
-0.085408 4.9615
8.54 -2.9906
7.9881 -3.729
3.3014 0.33977
-6.1436 10.805
-10.85 5.4775
5.9404 10.472
-4.2352 -6.0006
-6.3721 0.2475
5.3808 11.105
-4.0439 4.8156
8.4908 5.8945
10.06 4.3154
-6.1125 0.61053
4.3756 2.8414
-3.7997 5.3298
4.555 2.7314
11.018 0.63472
2.8625 -0.40357
-6.4229 -2.9664
-6.7248 1.4625
6.6104 -5.4548
1.7317 -2.2688
2.0043 -2.1433
10.593 2.6036
8.9561 -3.6188
1.8349 -2.5321
0.1499 11.899
4.5029 2.7267
-5.5314 1.488
2.3319 5.4411
1.8946 -0.93798
4.6173 10.249
1.0711 -7.7255
-3.7368 4.1568
1.0854 -1.2642
-2.5546 -6.684
3.9079 -0.071673
-4.9345 -5.7521
0.81094 5.5348
5.3181 -6.7207
3.6718 -1.5414
9.6271 6.7834
10.499 0.033065
-8.3374 9.7771
9.8764 -2.8192
-6.1416 10.129
0.58814 -1.4724
-3.8962 5.3293
10.022 7.0732
9.9272 2.6616
-4.9328 -3.9281
-3.7867 4.7401
1.4543 5.2979
-2.0126 6.5485
1.3559 -0.83073
-6.7021 -0.8473
9.7916 1.1334
-4.1734 4.4188
0.67706 -2.1877
-3.9229 11.579
-7.1268 -0.46189
-8.4416 9.7758
0.31966 -8.4003
-5.8212 -3.7982
6.3502 -5.5982
-9.1825 7.7923
-11.502 6.4308
3.7763 3.0113
2.878 11.29
2.1009 -8.4235
-11.238 2.7171
11.371 0.51905
-6.3776 -3.013
7.292 -4.8906
9.4413 -0.1915
7.524 9.1727
7.4735 -4.8411
-0.055358 -1.7119
-5.4327 1.1273
3.467 0.55143
-8.1956 9.3931
-1.8113 11.449
0.33685 -1.7056
-2.9902 11.826
7.3528 -6.2776
-10.355 6.8882
-10.908 6.2156
-0.52097 -1.0967
6.1341 -5.8813
-2.146 -6.1297
0.71778 11.365
1.9695 -1.4843
-10.363 5.5722
9.9327 1.0972
-2.6474 -6.3396
9.6277 -0.61844
3.5658 -8.3886
2.9633 11.632
0.93989 5.3582
8.9029 -4.5207
3.8001 2.4784
-10.966 4.6062
-6.877 0.71019
0.9374 -1.3526
9.26 7.2123
-5.8279 2.9445
4.2373 1.8613
3.9815 1.095
-0.71717 -0.84477
9.4103 5.5806
6.3175 8.9429
-4.8517 -5.7389
-9.1636 7.8641
4.6268 2.6843
0.056992 -1.941
-0.3101 5.1362
-4.6729 4.9411
-0.047412 -1.5157
10.917 -0.54823
-6.0839 3.7231
-6.1636 0.2391
3.4857 -0.94993
7.484 8.8022
-6.7397 -0.27229
-0.31488 5.0249
-7.7572 10.289
7.233 9.8617
0.0067281 -2.21
9.7745 0.61738
9.5744 7.1135
-4.9729 -6.1375
10.2 3.0031
-12.047 2.8737
3.7047 4.2244
2.114 5.4341
10.539 1.179
0.67309 -2.0256
4.625 1.4082
3.7635 -7.0316
10.231 2.9157
1.9338 5.0793
0.86999 11.437
-7.5467 8.9255
-6.8789 -0.55437
3.3719 1.3288
2.2754 -0.82525
-1.6011 -6.9261
2.6524 -6.7906
4.0845 3.7165
3.0482 2.7159
3.6067 -0.65197
9.8077 2.548
-11.862 2.0821
2.2051 4.1253
-9.2933 7.0429
0.31038 -2.2085
3.4558 -0.27894
4.2408 2.8117
-1.6248 -7.2284
-3.55 3.744
2.413 12.15
-0.36215 11.517
4.7895 0.6958
9.7502 2.2214
9.571 1.1512
4.9755 1.9916
-2.849 4.8507
-1.4918 5.6483
0.82179 -1.6275
1.5213 11.427
-2.7735 12.209
-11.776 1.7726
-1.214 5.1759
-3.2331 -5.3137
1.3377 -1.4615
-6.4703 1.5796
3.4846 2.6142
3.3993 -6.6606
11.104 2.7302
3.0801 -2.0453
-1.7197 5.4032
9.0054 -1.7523
-4.1336 -4.0327
9.1718 6.4109
4.515 -0.55659
10.678 5.1617
-3.2855 12.099
-2.6844 5.5916
7.9285 7.6142
9.6431 0.66543
-9.203 9.5342
-4.8175 2.7013
-0.81855 -0.89811
-0.090498 -0.82902
-1.5551 5.6683
6.9664 -6.1224
-6.4513 10.983
0.77592 -0.80486
-0.5708 -1.2351
-7.89 9.8571
-2.0671 10.937
0.3547 5.4462
3.9827 0.40526
-3.8999 11.679
-5.3522 2.1404
1.7232 11.589
3.2333 -0.32997
-6.7023 -0.40605
0.3348 -1.5205
-3.9284 10.836
-0.194 6.0429
0.77184 -1.5905
-13.524 0.6978
10.308 6.1084
-4.9196 3.8069
0.70295 -2.4416
-3.6637 3.8804
-0.28575 5.5592
-2.7166 -6.7367
-10.413 5.2544
10.546 -2.0423
0.86298 -0.80381
0.50273 6.7554
0.80813 -1.2111
2.3202 11.155
-5.7433 3.6094
0.56636 -2.4487
-12.127 5.8188
5.0039 2.5324
2.9848 -0.75473
2.9905 -0.86683
-8.9791 8.2338
1.5242 -7.7614
-12.668 3.5173
2.588 5.4168
10.165 4.3168
-0.41658 -1.7225
-6.9618 10.394
3.8473 -8.1376
3.9445 11.285
-5.6662 -3.0927
1.4346 6.0433
6.6853 -6.5439
-5.7897 0.023977
-12.532 1.4396
-0.50993 -1.3937
4.0197 -0.30777
4.32 -0.20367
-5.3737 4.1106
3.2142 0.36453
-4.4944 -4.6061
-6.2489 3.0349
2.3745 -0.99181
0.80209 -8.2023
-12.327 2.6919
2.9252 2.9691
-5.8601 2.885
-5.2347 -2.8003
-4.5902 3.2043
-0.136 -0.91523
9.6849 -3.3877
9.7258 -4.3257
0.99198 -1.6512
4.4504 -7.7834
3.0499 -7.1692
-2.8528 -6.4084
10.537 -0.88408
-1.038 -0.8082
-11.024 7.2442
-5.2076 4.1019
6.5421 -6.7873
3.3614 3.9868
-9.6948 5.9817
-5.1741 1.5368
-1.1783 -7.6134
3.9877 3.1455
-4.9264 2.5821
4.6975 -0.22146
0.63832 12.077
9.7458 -0.21516
-4.0301 4.4987
-0.39869 4.8379
3.1083 -1.394
-3.4087 -6.3282
-1.4911 5.4172
-7.2523 10.406
3.4482 0.42056
-5.7655 -2.5153
-1.7053 12.46
3.9767 3.8953
3.8911 -1.4174
10.608 3.4843
9.1597 4.3759
1.4414 -2.6469
-2.1765 5.7793
-3.8559 11.673
7.3691 9.4599
6.2454 8.6942
-3.0002 11.385
4.685 1.2651
1.6938 4.858
-12.189 4.5082
-5.9745 -1.3349
-4.7895 3.0094
0.30749 12.116
1.1249 5.5429
-7.2834 -0.83731
-2.2397 -8.1113
-6.3291 -0.96956
4.0535 -0.30319
4.8693 11.831
-0.68748 6.3984
-3.7195 4.4548
0.87897 6.1175
0.75472 -1.6621
-3.5583 3.9732
-2.1144 5.6573
2.4912 -0.57353
1.2015 -2.0333
3.3779 2.23
-6.0743 3.4159
-11.29 5.6639
1.0548 5.9993
3.3173 4.3575
-1.2897 -8.4994
-6.3837 -0.088632
-5.3955 -4.8083
-13.043 1.597
0.42418 -1.0323
