2.8623 11.208
-4.2083 4.1701
8.6243 5.8507
3.0852 11.417
9.5826 -1.0005
-0.99674 5.3258
2.0447 -1.7411
-2.7468 -6.5827
-4.719 3.0139
-9.9102 6.5998
3.9822 0.47509
3.6075 1.1166
3.95 10.295
-4.1216 -4.887
7.6665 -3.6629
3.5143 10.859
10.228 0.05099
-0.82475 -7.2828
3.3985 -0.97705
-4.0322 3.2867
3.8395 0.45244
9.6569 5.3663
-3.8726 -4.6629
3.7876 2.0821
2.7849 3.724
3.8229 11.028
7.2924 -4.7477
-3.0483 4.5157
4.2322 -7.1155
-0.99823 5.5246
-5.5003 -1.4379
0.77199 4.9612
7.9415 7.5397
8.0207 6.6655
8.1443 6.1804
-5.6398 1.0022
-2.4903 -6.1323
-5.6849 1.0677
3.8439 1.0196
8.9995 -3.489
2.3089 4.8767
-4.9341 3.6501
2.0319 -1.3459
-4.8424 1.7437
1.9922 4.3226
3.293 -0.80261
-3.2082 11.475
8.6246 6.3952
-0.97556 5.1903
-4.4164 3.3196
8.1274 6.8221
3.9637 10.202
-9.912 6.2174
8.3374 -4.2963
-10.143 6.4376
5.7489 -6.2257
-11.771 1.7149
-11.998 1.0117
4.2253 1.6691
9.5221 4.5818
3.0524 0.35617
8.7061 5.6071
7.6868 7.52
3.7563 3.0847
-5.9532 10.707
0.87526 11.937
3.081 -0.17702
1.677 4.7711
-5.7779 -3.1855
7.7032 8.1042
7.7458 7.3758
-4.6571 -4.3703
-2.969 -6.0849
9.5479 2.8303
4.1853 -6.9275
4.1696 10.211
-12.428 0.9685
9.5697 5.0249
5.1842 10.242
2.2586 4.7423
-3.8015 -5.2609
-0.26476 4.9595
-1.5573 5.4953
3.6742 2.2142
-9.406 6.3545
-3.5973 4.9705
-11.308 4.0048
-2.0527 5.0123
8.5038 -3.7984
1.3487 4.5567
-0.92083 5.3313
-0.40888 5.2961
-10.092 5.3495
3.1837 2.4289
5.6065 -6.3651
-5.7948 -0.14922
1.3208 5.2325
5.9576 -5.8523
8.8168 -3.3641
-3.9658 11.018
9.7001 -1.7269
1.3927 -7.189
2.5083 4.3259
6.3365 9.5106
-4.5084 -4.3494
-5.4349 -0.61484
8.2965 -3.0916
-2.7422 -6.2271
4.5814 10.784
5.4142 9.6678
3.3105 2.6356
0.020761 4.9287
-10.754 5.4392
2.418 -1.3352
4.1402 0.87764
-5.6405 2.1385
4.0367 0.8885
9.7919 -0.72658
2.7901 10.52
-5.983 1.061
-6.6138 9.8968
2.1648 -1.7073
1.1365 5.252
-1.9569 11.321
3.5221 1.6966
9.6135 1.684
3.8344 0.8911
2.7675 -6.9145
10.052 1.7005
10.135 3.371
0.56835 4.7605
-4.4261 3.4822
2.4025 -0.51011
-5.6677 -1.5149
9.7798 2.93
10.193 2.1715
-0.93105 5.7478
9.5002 -2.6914
4.2296 -6.8435
2.5062 -1.0201
8.9893 -2.6482
-6.0718 -1.1983
9.8084 5.0196
-8.3203 8.1025
9.3079 3.5567
10.054 3.0032
6.6792 -5.1119
-1.3021 5.1562
-5.6441 -0.29024
5.2394 10.03
3.5688 0.63136
7.7188 7.3061
4.7971 10.254
-4.521 3.6338
3.6605 1.3079
-7.9131 8.8689
-2.9546 11.636
7.5982 7.3379
3.7531 2.4143
-5.4994 -0.86927
1.8278 4.947
-0.36506 -7.2216
-11.055 3.9902
3.9707 0.19567
2.8294 -0.23737
0.74618 4.8593
9.9919 3.3326
-10.252 7.0862
9.6894 -1.1186
2.7302 3.967
0.24519 11.17
-5.3833 2.0518
9.8286 -0.18831
2.4823 -1.3108
-4.1219 -4.3966
-5.6538 -1.5301
3.3251 1.4315
3.3438 3.2987
2.8416 -0.44249
-5.9685 10.054
3.7509 -6.7026
-9.5378 7.7604
-0.47268 5.2137
6.2349 -6.2626
-4.9344 2.9593
-2.3857 11.082
7.0072 -5.891
8.8072 5.2119
6.9012 -4.7623
-11.138 4.8013
-5.2901 -3.918
2.9685 -0.42012
3.114 3.7742
-2.1244 4.8586
-5.2056 -3.1089
5.0461 9.8929
-4.9744 -3.1201
-4.9867 10.659
-10.508 4.4898
3.8593 2.244
9.6076 1.2578
5.6249 10.16
2.4354 -0.6767
2.9783 -0.64561
-0.070863 -6.9503
-5.5864 0.18291
10.113 3.2111
4.234 1.3588
-1.5825 4.8802
0.47772 5.612
0.80911 -7.3228
8.1572 -4.7537
-0.20478 5.6348
-5.7273 -0.033297
-2.417 -6.9598
2.4083 4.2216
5.1206 9.5075
-7.7855 8.9081
-0.87479 5.0306
6.1819 9.1575
3.8477 2.2122
-3.6682 4.4714
3.4964 1.7219
3.0464 0.010074
-9.2301 7.8912
3.9313 2.9492
0.046354 5.4648
-5.9892 -2.4721
3.417 0.45647
-4.8488 2.4431
2.9216 11.007
0.78394 -7.2323
2.0987 11.316
-4.7329 -4.6451
-4.2745 3.591
7.6128 -4.3918
-11.895 0.45195
-5.876 -0.87403
-0.07897 11.154
9.2428 -2.658
3.4076 3.4818
-4.4532 -5.2246
3.7977 0.63242
4.7195 -6.7367
8.5358 6.8823
0.73864 -6.9928
-5.6895 -2.4053
3.515 0.76212
3.8831 1.2657
-5.594 -2.6504
-6.6026 9.4668
0.12069 5.4067
9.4302 -1.8652
-0.36546 -7.0818
1.927 4.6922
-11.627 1.0656
6.7387 7.9814
2.1916 -7.0026
3.4664 2.2323
4.7772 10.324
-3.0956 11.618
-0.55469 11.355
7.4067 -4.9976
2.559 3.7585
0.84192 5.3767
-3.5111 10.866
2.324 -7.6792
-6.2719 10.219
9.84 0.66197
9.1504 -1.9244
-5.1897 2.416
-2.0314 -6.0953
9.2089 4.9106
-5.7379 10.585
2.7809 -0.47332
8.76 -2.3769
8.5421 -3.481
-5.484 -1.8009
-1.7982 5.1514
2.6793 -0.99748
-4.0496 -5.0238
-12.453 0.92136
10.416 2.4265
3.8114 0.24829
3.6489 3.3114
-1.3162 5.4123
-10.166 6.1948
1.9704 4.5326
-2.4896 4.8632
-4.1213 -4.2682
1.0046 5.0463
3.0724 0.69967
-4.8317 3.1218
3.7541 10.825
9.5074 3.3129
-5.9432 -1.8626
1.2611 11.741
-0.56821 5.2524
3.6933 1.5122
4.0396 1.3438
5.9168 10.069
8.6093 7.2623
7.9042 7.912
3.727 0.91449
6.0598 -5.5224
6.3631 -6.3404
3.4717 0.79835
2.8584 -0.20483
-8.0107 8.6215
4.6823 9.8338
4.0583 9.8863
3.344 0.56976
1.4263 -7.3859
-2.0513 -6.3652
-6.9469 9.5264
3.2211 3.0328
-11.786 2.7668
2.436 3.72
-1.5438 5.0616
-3.4339 3.8123
7.978 8.012
3.874 3.3004
8.3556 -3.4869
7.683 -4.0409
0.96445 -7.3855
2.138 11.616
6.7975 8.9566
-6.469 9.9257
-4.8385 -5.174
9.4456 0.8713
10.227 0.59665
-4.1956 4.2007
-6.3307 -0.36718
-0.083932 11.803
-3.5527 4.0554
3.2158 4.0708
-5.4037 -3.4508
-4.2846 3.7857
-1.3103 5.4556
9.3586 -2.2101
2.925 -0.070954
2.0566 4.7801
2.7437 3.9589
-4.3724 11.11
-5.6539 -0.44912
-5.3104 -3.926
9.2015 -2.2166
3.2243 0.65563
-4.3737 10.623
6.9211 8.5579
-0.034624 11.986
-2.8244 -6.2175
-0.32563 5.6958
-1.9107 -6.2541
3.6372 0.047624
3.7692 2.8304
2.3973 -0.57979
8.5142 5.6192
2.1372 4.0382
2.1823 3.67
-3.4992 3.7858
-11.283 2.2655
3.5873 2.8461
0.73272 4.764
0.87287 5.2304
-10.068 6.1079
-11.646 2.1932
-5.0583 -3.2447
-6.1466 0.23956
-0.20135 5.3018
8.0604 -3.632
-1.9708 11.9
-10.22 5.1655
1.9827 4.6574
3.0252 -1.2727
8.7692 5.7831
-0.35179 5.3036
-12.025 1.0141
3.5655 1.7646
-9.7939 7.4559
5.4905 -6.4147
3.3643 10.812
9.0437 -3.0511
8.5153 -4.4529
2.2546 -1.2977
9.8169 -1.4803
1.5142 4.9983
2.8481 -7.1993
-11.699 3.7173
-3.0877 11.598
8.8106 -2.5121
3.1851 -1.0507
8.0807 -3.4579
9.7207 -1.1282
9.7693 2.3066
1.2193 4.9305
-3.0844 -5.3596
-5.2283 0.61982
-1.6734 5.3541
4.0634 -7.577
8.6153 6.5392
-7.8017 8.6001
-1.8244 -6.6157
8.8815 -3.2887
9.9943 -0.55906
3.7476 1.5769
2.8766 -0.83196
-6.1741 -0.018895
2.6744 -7.3174
0.68031 5.245
-3.9917 -4.9358
-0.82315 4.7888
-5.4154 10.372
-2.0544 -6.2193
6.7831 8.6048
-5.7567 10.711
6.2823 9.2647
-4.9541 -2.5922
-1.8794 -6.6992
-5.666 -1.7144
3.0577 0.031268
-0.77943 5.7677
-3.1908 -6.3271
9.8028 -1.8015
2.91 -0.37451
-10.351 5.8191
-0.71111 5.6771
-4.1838 10.698
3.4123 11.038
9.1178 5.4173
9.7599 4.6397
-11.207 4.2932
3.5464 -0.56173
4.1284 2.0094
7.2198 9.1316
1.4792 11.795
9.3737 3.2997
-1.3079 11.725
-5.6687 0.18547
7.0055 -5.1178
10.191 2.6977
1.2532 11.32
3.6163 10.598
3.3876 -0.19198
4.8018 9.8681
10.137 4.0713
0.87441 5.4215
3.5616 0.90361
-0.71156 5.0088
2.8125 4.3296
-10.156 6.8672
4.4465 10.638
9.9611 4.003
-4.1198 4.117
3.5251 0.22984
-3.2667 11.688
2.411 4.347
-3.4084 4.0094
-1.9182 -7.2225
9.6385 0.21461
2.9237 -7.5452
1.7105 4.9482
3.6105 0.2568
-3.957 10.6
8.0034 8.1126
-10.795 4.0031
3.6671 1.5037
-0.9074 11.905
9.3706 4.1422
9.6172 -0.39822
-3.2282 11.736
9.7528 4.0894
3.4624 2.5699
-1.1465 -6.9017
7.1502 -5.9862
-5.1451 -2.0571
3.6351 0.33969
8.2017 6.6202
-3.6915 3.8044
-12.269 0.87617
3.1153 -0.77542
8.51 -3.5588
3.6752 10.262
9.338 4.3645
7.0705 -5.4311
0.19064 11.312
3.5143 1.0206
-4.1833 3.3514
3.5411 0.17435
6.7432 -5.429
-4.7244 -3.184
-2.3977 11.202
-3.6494 4.261
-5.958 0.85478
-5.5652 -1.7696
-5.6626 -3.5149
-1.0707 -6.4627
3.3718 0.64256
2.6832 -0.77399
3.6056 1.0072
-3.8502 11.279
-5.4042 10.445
-5.9701 1.501
-3.0292 4.6317
6.2235 -5.5432
-7.3158 9.4924
2.2592 3.5918
-3.8076 10.673
5.6935 -5.5599
-11.162 2.7719
-11.546 0.93894
9.4519 4.8265
-0.81279 -6.8459
7.3909 -4.7745
2.2489 -7.174
-0.72678 5.6309
9.895 1.186
-0.51279 11.138
-0.72984 -7.4386
-4.3753 -4.4893
2.4614 3.4439
4.0422 0.56138
8.9933 -3.1463
-11.285 3.8916
10.041 0.28611
3.6911 2.8427
6.4244 -5.7632
9.117 5.683
3.2914 0.16415
-1.5273 4.7223
9.1765 -2.4706
3.008 0.45672
2.7751 -0.9842
2.0912 -1.5333
3.1914 11.126
9.6667 -0.10358
0.9098 5.3663
3.2981 10.531
9.7255 -2.518
-5.8032 -2.3902
2.8874 -0.66438
-2.1041 -6.5631
6.6956 -6.3794
0.42156 11.635
-0.96123 11.212
7.468 8.1295
-1.2838 4.7993
10.365 -0.28163
-6.9555 9.9134
3.5831 2.1171
-5.8632 1.3226
3.6114 3.1924
0.08105 5.0361
-10.304 6.7355
2.6243 10.805
2.4918 -1.268
9.2812 -1.0836
7.9577 -4.0038
2.6978 4.1533
-10.009 6.7502
-10.279 5.9596
-5.8472 -0.4412
3.955 1.4185
-4.3793 3.2233
5.0836 9.7791
10.1 1.0325
9.8063 0.59168
-3.2802 11.259
4.2432 1.8383
-0.3419 -7.5095
3.4245 0.91345
-3.8746 -5.7513
-2.1423 5.5965
9.6084 1.7352
3.0884 3.9054
7.1152 -5.339
-1.373 -6.8986
9.8012 4.8291
6.2303 8.9818
-4.0601 10.801
-1.6676 11.068
3.1021 4.1164
-5.2586 1.4618
0.59049 5.2424
-2.9669 11.494
2.2574 4.1259
2.8626 -0.90745
-4.0584 10.433
4.3484 -7.2277
-1.5377 11.064
-1.5809 5.1929
2.389 4.7377
1.6596 5.0053
-5.2186 2.8469
3.451 3.6787
2.924 3.4593
2.8161 -0.78394
4.4828 -6.5508
-3.9181 4.0304
-5.7799 1.3073
2.4578 -1.2185
6.1132 9.2493
-2.1832 11.237
9.8042 0.90715
0.82399 -7.4498
2.8662 -6.7545
4.9703 -6.8904
3.1818 -6.7037
-11.657 2.9905
-5.1801 -2.5335
7.2382 -4.6537
-4.9665 1.7341
2.2659 -0.82167
4.1982 1.1182
1.077 4.9198
-4.9321 -3.0664
7.3321 -4.416
1.7945 4.8391
8.2806 -3.018
9.916 1.4733
3.8875 11.131
-2.4047 5.1375
9.1289 4.5751
-5.4723 1.1658
-5.5092 10.333
-2.8377 11.193
3.9286 2.2893
-4.882 1.8219
4.1207 10.364
3.6767 -6.8705
3.4023 -0.59492
2.4828 -0.69038
3.3541 3.0857
2.5427 11.595
-11.903 3.3391
-4.0273 4.0431
9.1858 -2.3382
-2.0589 11.484
-6.1498 -0.74458
-5.1494 1.6239
-9.9035 6.4878
-0.53298 5.4052
-10.852 5.0047
9.9496 2.7625
7.6177 -5.336
-2.9349 -5.8314
3.3825 1.6046
-0.66077 -7.0326
3.877 0.013323
3.1816 -7.6785
-4.7115 -3.0877
0.53776 -7.8615
3.6991 2.5231
7.4426 -5.6003
9.3233 5.196
3.8033 10.806
3.9017 3.0798
3.5547 10.739
-3.5867 -5.0929
-2.4692 11.902
-2.3613 4.7559
-5.4975 -2.8541
10.14 -0.33775
3.6845 2.7559
8.6239 -2.7366
3.3651 10.608
-4.0788 4.1804
-0.41663 4.8506
7.8979 -5.056
6.1908 -6.1243
-0.28156 5.2593
1.6977 4.2892
-7.1987 10.034
-2.1095 5.3691
-4.794 -3.6482
-5.4624 -2.7743
4.1528 -6.8392
2.9067 -0.26617
3.2063 2.3747
5.3486 -6.4626
6.2701 9.4332
3.4503 -0.17506
-4.6697 3.5637
-4.4366 3.4736
-2.5707 4.6342
2.8492 -0.44844
2.6228 3.4294
9.9311 3.1095
-11.968 1.1687
-3.5976 11.425
1.6259 -7.8964
3.9844 1.994
-0.64035 -6.7837
3.2861 3.332
-10.587 5.3153
9.9687 0.052469
7.5735 -5.5312
4.0069 0.41489
9.5599 5.8632
-8.1568 8.7161
-4.0695 -5.2083
3.8008 -6.8958
-5.2959 -2.797
2.9192 4.2202
3.299 -0.036258
9.1986 -2.5905
-3.4304 4.5873
5.8008 10.082
9.1426 6.4272
-11.671 3.3995
9.3995 -2.9389
-5.5943 -3.322
-5.8023 -2.7698
3.3078 3.9258
0.26524 5.5978
3.504 10.675
4.181 9.9352
-4.9416 3.5474
3.7054 -0.38425
2.1962 -0.79135
0.031974 -7.2234
8.891 -2.8835
2.7723 3.4701
3.0045 4.3873
3.1239 -7.3157
-5.6431 1.3467
3.9406 2.4399
2.0836 4.2075
1.719 4.6655
-4.1115 4.2091
-4.5565 10.22
2.8104 10.977
-11.249 2.5475
1.1192 4.4015
-2.1896 5.2148
-1.7448 -6.5318
4.2713 10.435
-7.2235 9.3044
-4.6557 3.4457
2.8236 -1.0558
0.55851 5.7655
3.045 -0.87824
5.8395 -5.9701
-5.3952 -0.20452
2.7634 3.9259
-1.8269 5.3844
1.2839 5.0971
-5.5946 -1.4129
1.5215 4.937
3.3069 1.1159
-5.6918 -2.4172
-5.8127 -2.6499
10.422 0.26271
3.427 4.0025
7.1756 -5.6766
-4.4316 -3.9681
7.4468 8.1017
3.3865 0.64493
7.1212 -4.6583
4.1663 1.0698
2.1299 -1.3233
9.1912 -1.3389
8.745 6.2622
2.9936 3.9022
7.6421 7.7717
-4.5997 3.1828
5.5436 9.7365
3.1439 2.8333
6.8451 -5.2092
-4.9569 -3.7885
3.6886 3.2595
0.55714 11.252
2.099 5.1883
-2.9897 -5.8122
2.524 -0.65425
-5.4143 10.411
-5.1086 2.2604
9.3381 5.0519
-3.4562 -6.1885
-2.1219 -5.9659
3.4347 2.3381
2.2549 -0.62932
8.8304 7.0823
-4.6016 -5.0002
2.9648 -7.0516
3.3096 -7.1769
3.7778 0.064269
1.1069 11.541
-11.44 4.4103
-8.8196 7.5581
2.9076 3.3068
7.8915 7.8774
-4.1215 2.8846
2.79 11.107
9.4794 3.8423
2.7601 -7.403
-5.8511 0.55172
3.9298 2.5146
8.62 -3.2841
6.7257 8.8852
-2.7109 -6.6307
2.0981 -0.74312
-4.4749 2.9915
2.3836 -1.0952
9.6762 3.9202
3.1172 3.7254
2.6449 -0.094527
-11.736 1.9306
-8.8204 7.7561
2.5393 -1.2343
-0.752 -6.9976
3.0327 -1.2064
3.9388 1.7672
2.7162 -0.86372
-0.45654 11.228
-3.5827 11.476
2.2278 -7.704
2.6898 -7.3392
4.5191 -6.216
-4.439 -5.4564
-3.6541 -5.4946
-1.523 11.708
3.8241 2.4863
-4.5821 3.1086
9.5398 -0.018657
3.6792 3.3064
2.3054 -1.2846
7.8107 7.1226
2.6717 -7.7692
6.3939 9.2031
-5.0172 -4.4195
-3.5168 4.7703
-2.725 4.704
-3.9244 -5.2842
3.2498 -0.30946
3.9696 2.5848
9.5081 3.867
-0.91082 -6.6528
10.024 0.7413
1.5983 4.5286
10.093 3.3149
8.4411 -2.7659
9.5753 0.77982
-5.4706 2.6448
3.4406 1.3337
-5.6283 -0.22481
1.9048 4.3088
0.46127 4.8306
4.1547 0.73577
-1.4187 -6.2228
-2.7579 4.2462
-5.6655 -2.9631
2.6961 3.619
-9.1342 6.8287
-3.5871 -5.6558
2.3032 -1.2674
-5.9565 1.5926
-10.487 4.8379
3.6525 0.36146
-5.8915 -0.5283
6.2315 -5.7587
2.6388 3.9534
2.3184 -7.7632
3.1337 3.2612
3.9932 1.1124
6.3839 -5.8128
7.1209 8.881
10.085 2.747
-10.128 5.9192
6.8336 -4.9954
10.178 1.2425
6.5532 -6.2748
9.3522 -3.1001
2.6504 10.656
8.3963 -3.0976
-0.62644 -6.7923
-4.0444 10.937
6.7205 -4.9069
-5.8335 1.4749
3.3644 3.2905
2.8759 -0.33887
-4.7138 -4.1827
6.3319 -5.709
6.8586 8.5447
2.9773 3.0303
9.8645 -0.20009
3.1705 -0.55971
-5.7238 1.0218
10.022 1.2254
3.5281 1.9892
-1.9325 5.4793
7.7918 7.1376
2.9216 3.7035
3.7765 2.3357
-5.3452 -3.2143
-2.6882 4.9713
-6.0029 1.3954
8.0227 -4.4008
-2.9755 11.595
9.5986 5.5439
-4.9199 -4.269
3.1837 2.8782
3.9845 0.6754
1.242 4.7481
3.956 0.75526
8.7975 -2.8525
-11.863 2.5542
-2.2762 5.5093
-3.5125 4.1099
-3.1534 -5.7574
7.1971 -5.0764
2.1219 11.325
-5.5595 -2.9711
7.6459 8.1543
-1.9231 5.5927
5.2807 9.3094
-1.9673 -6.5742
2.936 4.0103
-6.2241 -1.2584
8.7516 -4.1466
5.8662 -5.6437
2.7662 -1.2349
0.26182 4.9709
-3.009 4.0755
-3.2706 4.3626
2.6646 -1.1503
-6.0226 10.112
6.6443 -5.6846
1.684 4.4711
1.2441 5.3569
-7.3531 9.4158
6.156 9.4021
-0.46461 11.214
-11.714 0.3548
-10.108 5.9662
-3.2413 10.859
1.1542 4.9333
-2.4619 4.8004
1.6432 5.0807
5.9851 8.7671
-4.3022 -4.3228
-4.3653 3.7824
-2.0709 4.6174
2.5772 -0.87111
1.0015 4.7153
8.9055 -3.0983
4.8735 -6.2622
-6.6542 10.317
4.7364 9.7745
8.3577 6.0732
2.4838 -1.5657
8.2323 -3.43
-4.5624 10.963
3.6721 1.9074
3.5978 3.088
-4.2695 11.293
-6.2851 9.6103
3.3148 1.2146
5.2901 10.429
-5.0787 1.8079
2.7629 -0.55029
-3.7236 4.3323
3.646 -0.63361
8.4178 6.9455
3.4721 1.0274
-4.7952 3.2777
-3.9443 -5.3801
3.7077 -0.1091
4.2519 1.1764
3.7803 -7.5322
2.8793 -0.38604
-5.0276 -3.4492
3.3133 10.667
-5.2505 2.7579
0.97245 5.236
3.6975 1.8363
4.0159 1.4303
0.75637 5.2922
2.4485 10.765
5.8426 9.9745
-9.7795 6.8
1.9477 11.627
-4.2985 3.3901
2.7279 3.2913
2.5109 11.557
0.20025 -7.4239
9.8921 2.2306
1.0062 4.8069
3.9667 1.6711
1.3975 4.6255
8.3792 6.7824
-5.2505 -4.123
6.8827 -5.3188
4.0948 0.7177
-5.6077 2.1703
9.4748 2.0357
2.7878 4.26
3.6033 -0.18987
3.5256 0.24521
3.3769 1.3485
2.9891 -0.084337
3.4881 2.0716
-0.049254 4.9768
-3.256 -5.2561
9.297 3.978
2.2343 -1.1508
2.0645 5.0845
6.0567 8.5866
-1.5906 4.8835
9.8054 3.6007
-3.5437 11.161
-1.8564 -6.604
7.0157 8.4982
-10.464 4.8553
6.2731 9.4051
-5.6829 -2.9416
7.559 -4.7398
9.6648 -1.6886
1.1871 5.0697
2.7115 -0.71929
-5.7788 1.9455
-3.8794 -4.6627
4.5665 10.461
-2.6307 4.35
-3.2759 -5.6259
-2.4943 11.038
3.8957 -6.6427
5.988 -5.947
9.8906 -0.31689
-1.3669 11.638
-0.077361 5.369
9.9061 3.2429
-5.535 -3.4128
-1.8413 -6.2142
-1.9738 5.1421
7.618 8.1253
2.1966 -1.7375
3.2296 2.547
-6.0232 -1.9467
-3.7288 -4.5274
-3.6989 4.5436
-3.2841 -5.8864
9.8247 3.383
-5.681 -3.2965
-1.759 4.9928
3.8412 0.82643
-5.7565 -2.3748
-7.6848 9.439
9.9318 1.1521
-2.3854 -6.2906
-0.25181 -7.3649
-3.8313 10.582
1.9354 10.764
2.6064 -1.047
6.4142 9.0662
9.5428 -2.6024
7.2669 -5.144
9.8876 2.5709
-2.1029 4.8883
10.059 3.6992
-4.7772 3.1536
1.5584 -7.1243
3.3417 -0.18154
-0.3491 11.177
3.0985 3.5665
-3.8535 11.306
0.83315 4.971
9.3704 5.353
-5.9736 -0.2461
-3.3869 4.5562
6.6452 -5.482
3.5712 1.3422
4.2946 10.845
-1.8651 5.0976
3.6382 0.21133
-5.0877 1.8494
7.73 8.1431
2.8287 -0.57109
2.3894 -1.2761
6.8389 -5.0765
2.2279 4.365
4.0161 1.0995
2.2982 -0.79829
6.0464 -5.9145
3.4643 3.5615
-3.8929 3.6208
9.7131 1.4222
-9.27 7.2889
-4.6988 -5.1109
-10.032 6.9196
3.4976 2.5534
-5.5108 2.2029
1.9928 4.6754
8.4297 7.3359
2.4382 4.0577
-4.5966 11.271
-12.105 2.3858
-3.691 4.8989
-1.2693 11.142
3.4562 2.8515
-11.475 2.6564
8.0037 7.7471
-11.867 1.3152
10.415 1.733
-5.425 -1.69
2.5763 3.5275
-6.4072 9.5676
3.7822 10.411
-5.5009 -0.75474
2.893 11.037
1.6324 4.3328
-1.1896 -6.9247
3.7139 1.1159
3.2846 3.8226
-10.347 5.3086
-8.1094 8.3898
2.4436 -0.77164
3.5194 2.6408
2.579 4.0302
1.0954 -7.828
3.2797 -6.9826
7.5449 7.5393
-1.7598 -6.0967
-5.9237 10.262
-1.2155 -7.4533
2.9273 3.7149
6.8086 9.0881
1.9171 4.6949
2.606 3.1756
-4.7352 -4.2179
8.4094 7.1333
-1.7087 -6.9275
2.0598 -7.0847
3.361 3.8198
10.266 1.3307
7.1917 -4.8946
2.1092 -1.2358
-1.417 5.7355
-11.655 1.5496
9.5951 -0.27715
-12.272 1.1404
-4.2726 4.0305
-5.0137 3.411
7.2708 -4.9828
-4.2994 3.4307
-0.80697 -7.4797
-2.8199 -5.9006
3.5312 1.7884
9.4009 -2.1514
-0.48476 -7.4623
6.7659 8.0744
-5.0487 -3.0457
2.5266 4.564
5.9838 -5.7003
5.5172 9.8701
3.6831 2.9004
-4.7935 -3.621
7.1898 -5.063
4.6293 -6.6871
2.8537 -7.0032
-1.2966 4.9116
6.7249 8.788
-11.682 4.0347
1.7268 4.9549
-5.815 9.9477
0.95041 -7.7995
-9.9342 6.5411
-0.30053 -7.5547
-11.697 0.72626
-5.8961 -1.6602
2.3009 4.3663
-0.78952 -7.2384
9.6978 2.3949
2.3894 4.1249
-9.001 7.8652
3.5684 0.13386
-5.1878 1.2091
3.7192 -0.50531
0.91697 5.4563
3.6617 -6.7166
3.2294 0.11648
-3.478 10.809
3.701 0.4953
7.5406 -5.0962
-8.7292 7.2921
-4.4947 3.8403
6.6869 9.5915
9.7537 4.5016
2.0166 -1.0365
2.6679 3.7686
1.0905 5.4319
3.4434 11.024
-3.7947 -4.975
-0.11371 11.413
2.5142 10.684
6.1773 9.3913
3.3079 -0.37357
2.4286 -1.536
9.4882 1.5344
-4.1863 -5.2453
2.3769 -1.619
-0.62653 11.825
3.777 0.41698
7.0528 -5.0312
-6.1849 -0.25828
0.38005 -7.6685
-2.1365 10.932
-4.7726 3.0353
-4.8517 10.992
-5.5485 -3.2297
4.0166 0.52375
-0.5459 5.7448
-5.8684 -0.60201
-1.9138 5.0794
3.3167 0.93219
5.5823 -6.3083
-2.5524 11.237
-5.202 2.5917
9.6348 1.7583
3.7295 2.4423
-0.49958 5.3806
7.5591 -4.8467
-5.2918 2.4691
6.8311 -4.9512
