11.347 -4.3086
-2.9314 1.0194
-2.3714 -1.0798
4.7848 -9.9872
-8.0473 2.3046
4.0576 6.4507
-6.756 6.266
6.3201 0.54773
-7.8815 4.2887
-2.2728 -2.2756
-2.7393 1.0508
5.2695 -1.9759
-2.4315 -0.91449
-2.3769 -0.34847
4.7947 5.975
5.7138 5.1827
0.97924 -3.9287
6.553 -0.037002
-0.023803 -4.1597
-1.0692 2.5491
6.3452 4.2143
-8.4794 -2.8423
7.1791 0.33303
-9.0972 1.3505
-4.8476 -8.5038
5.5232 -1.8008
3.0487 -10.032
0.027551 -4.236
-6.7796 5.0755
4.6444 -3.1822
8.8086 -8.2108
6.8511 0.44828
-2.8207 -0.96049
-4.1102 -8.6603
-1.8766 1.832
-1.6978 -3.1533
4.2759 6.6259
2.928 -10.675
-7.5358 -5.8823
-5.6996 6.2752
6.3733 2.5186
-6.468 -7.1295
13.443 0.056559
0.28529 8.7381
10.486 -6.9281
-8.183 2.3817
0.71903 -10.952
3.6235 7.1309
13.141 -0.58958
5.9069 -0.96166
-5.7432 6.429
2.5524 7.6131
11.508 -3.4898
-1.436 -2.72
2.3509 7.7027
-1.646 2.182
-2.6933 -0.51218
6.5847 3.5765
13.223 -1.138
-2.7017 -9.9352
7.0124 2.346
6.2005 4.9057
-5.3879 -7.8036
-1.91 1.3745
-8.1059 -4.0931
6.3714 -1.2513
-5.8331 5.8348
-6.5735 6.5312
-2.0464 0.98993
-4.3801 7.84
6.0877 -0.84943
-5.3939 -8.2031
1.2518 8.3649
-2.1455 -10.003
-3.85 7.8775
-2.7077 1.1091
6.5237 3.6096
4.0622 7.2687
6.7518 -0.11642
0.5274 -4.1808
-8.4519 -3.9052
-8.9919 -2.3326
-1.7878 -3.26
-9.2466 0.88056
-0.69774 -3.2892
-5.7982 6.1735
1.1563 7.9305
-3.1672 -0.91602
-8.5081 -2.867
-9.0848 -1.747
-1.5083 -3.3259
-2.6886 -2.2595
-8.3142 1.9651
-1.5109 -10.557
-0.13716 -3.5455
-8.9263 1.8353
1.0829 -4.4642
-7.3062 5.5175
-3.7725 -9.5198
5.5696 -2.1571
4.0761 -3.6427
-2.2158 -3.0708
-7.2323 4.43
4.1624 -3.8326
-3.2946 -9.8445
-2.9024 -1.6118
-0.22196 -3.6391
2.9593 -10.542
4.6306 6.5794
0.75481 -10.17
-2.9673 -9.5031
-1.3444 8.0561
4.2562 -4.1735
-4.4905 7.2587
-1.8854 1.0909
6.1463 4.0047
-7.2298 5.3564
-8.8903 -0.91602
7.9469 -8.5264
-2.727 0.085511
4.4084 -3.0094
-2.3992 -0.94723
-2.1357 1.6583
2.5627 7.9411
4.9244 6.2842
6.7895 1.3252
6.7565 3.3748
6.535 4.4128
5.1753 -9.5485
-2.9922 -2.0598
2.6051 7.9821
-3.2253 -0.66906
-5.8086 -8.0881
-3.1432 -1.816
4.8245 6.6737
-2.5616 0.096391
5.4168 4.9405
8.0323 -7.9662
-2.6605 -0.30787
-2.7192 1.5053
6.4641 2.3948
6.4855 -1.5509
-1.0534 1.8558
-6.6177 6.336
6.6077 -1.1703
-2.3805 -0.70479
-8.2706 -3.6473
1.7308 -4.4675
-2.0244 -1.9067
-8.4456 0.1287
0.61669 8.6999
2.2881 -3.8156
6.8657 -9.6682
-4.5101 8.0562
3.725 -3.704
-5.1132 -8.2493
6.5485 4.2297
-6.9059 -6.3283
-2.3865 0.35507
-7.6779 3.7969
-1.2343 2.1508
-6.593 -6.9467
-6.1152 6.339
5.8317 -2.1218
-2.8829 0.76343
-2.7085 -9.1406
3.4285 -3.8959
4.4485 6.5108
-5.3365 -8.5106
4.7808 -3.6771
-0.48455 -3.8591
6.0204 3.9587
-6.5406 6.0962
6.8375 -0.31008
-6.5982 -6.3379
-5.7185 5.9794
6.0605 -2.4123
-3.0634 8.577
6.7771 0.33602
4.7252 6.3174
6.428 3.2085
2.1485 8.1857
-2.1885 -2.1684
4.6537 -2.8788
-2.9298 -1.5146
-3.0583 -8.8863
-2.5143 -0.020607
5.938 -2.0878
5.1476 -9.8576
3.3613 -3.7559
12.546 0.061056
-7.4488 -6.2303
1.7271 -4.2483
-2.3745 1.1274
6.7888 3.098
6.8311 2.1333
11.673 -4.5978
4.7236 -3.3323
0.12474 -10.937
-1.0987 -10.316
-9.062 -2.0499
-3.0153 0.027813
12.061 -3.5746
-1.1207 2.0923
12.774 -0.24805
-2.299 1.0363
-2.2248 -2.8389
-8.9584 2.0204
13.272 -0.14035
-0.79454 -3.8391
-3.1178 -0.14074
2.1465 7.9017
2.075 8.0465
-8.9943 1.5591
-7.8225 4.0924
-3.1663 -0.069751
5.9378 4.1204
-0.1734 -4.3444
-9.3608 -0.85986
-4.9851 -7.7671
-2.9388 -0.76723
-2.5445 -10.209
2.6088 7.2306
-7.9127 4.6079
0.8453 -4.5854
6.5652 2.7696
-8.9687 0.94753
2.2418 -3.8968
-2.5281 -0.98922
-1.3868 -3.5087
-8.2906 2.6613
-1.6224 1.5273
-3.1982 -0.11817
7.1741 1.0189
-9.1983 -2.1756
-7.046 -5.5116
2.4645 -10.236
-1.6415 -10.523
-2.8957 7.6427
-7.7692 -4.7831
-0.24344 -4.3053
-1.6243 -9.8053
2.1416 8.5853
-7.9933 4.1463
0.26136 7.9928
3.3295 7.0382
-0.34866 -3.5567
-8.7809 -2.952
-6.312 -7.3946
-1.2953 1.9222
-2.3097 7.8091
-7.5531 -6.3974
-2.8608 -1.6397
-2.4076 -2.4818
11.068 -5.1079
-1.9648 8.0516
-7.6074 -5.7596
-0.41495 -9.8508
6.8472 1.4412
-1.4823 2.3695
-0.50003 -10.219
-2.4643 -2.5615
-8.6912 0.67048
-0.25323 -10.32
-8.3313 -3.9759
1.1633 7.9972
8.9273 -8.5834
6.2466 -9.2782
2.5906 -3.8835
6.1676 3.8609
3.017 7.7242
-2.6831 -1.9004
-2.6114 -2.1924
-8.4454 3.0276
-2.3113 0.92047
-5.3997 -7.7591
-3.1547 0.26423
3.9039 -4.332
-8.3914 0.85424
5.7462 -2.1539
-4.4142 -8.6678
6.6918 3.4172
2.72 -10.091
4.8787 5.9879
-6.7458 -6.3758
-5.8102 6.1796
-7.0318 5.104
-2.6904 7.8844
-2.5421 1.3242
3.3854 7.2906
-1.3054 2.2846
-1.8236 2.0558
-7.3556 4.4869
-6.3909 5.7745
7.1911 1.4433
2.5812 7.3791
4.7288 5.5274
-0.90292 -3.311
-7.745 -5.2622
8.96 -7.4523
4.2706 -3.3626
7.0049 1.0808
-2.8252 -0.33578
6.1494 -0.62387
9.7368 -7.1711
-2.7803 8.5322
10.145 -6.7562
6.0648 -9.2475
-4.5172 -8.8701
-9.241 0.18399
3.2055 7.4326
-1.389 -3.7377
-6.6734 -6.4879
-2.3702 -0.83106
1.3853 -4.5453
-7.955 -5.0181
-9.3402 -1.5673
-2.4154 1.1073
5.3793 -2.2233
6.4094 -0.37768
4.9443 6.3801
-2.6229 -1.334
6.1061 4.9481
8.3158 -8.4924
1.3875 8.6732
-0.32604 -4.3414
-2.4562 -1.8515
-7.6408 -5.0309
1.2579 8.2173
-8.5686 -0.99491
-0.33288 -4.1745
-9.1372 -3.0713
2.7448 7.5318
-8.8054 -2.6007
2.373 7.8986
6.822 1.6064
12.206 -2.8218
-1.7279 -2.2913
-2.1839 -9.9338
2.64 -4.4846
5.1216 5.887
-8.1252 -5.6836
-5.1511 -8.6077
0.10487 -4.0095
-4.0203 7.6794
-5.1319 -9.0287
5.0136 -10.51
-6.1224 -6.886
-8.4519 -3.8265
2.7598 7.0967
-7.8346 -5.6076
7.4987 -8.3851
-0.095414 8.828
5.9759 -1.2831
-8.9685 0.42894
0.16685 -3.971
6.4448 3.9741
12.682 -3.0347
11.795 -3.0031
-1.7629 1.5503
-2.1337 -2.2612
3.9689 -10.513
6.5621 0.26326
-2.4288 0.085158
4.048 6.2377
5.5565 -9.2199
-1.2178 1.8813
-2.1239 8.3157
5.0322 -2.2867
-2.2211 -2.0328
11.664 -4.8545
1.6443 -4.2196
0.50486 -4.0578
2.0736 -4.225
6.0755 -1.056
-2.47 -10.06
5.0403 -9.6017
13.01 0.46309
-1.8348 2.5248
1.1388 8.2116
-2.1526 0.6791
-0.18268 -4.2498
4.9446 -2.7043
-2.3892 0.048898
10.912 -5.2174
6.0276 4.4492
-2.874 -2.3004
6.9701 -0.50097
-2.1436 -2.3195
-2.5695 1.2218
-2.7192 -0.7728
-1.1372 -3.0382
1.1751 -4.5216
-9.0437 -1.8508
-7.6153 -5.5392
4.9089 -2.4043
3.7963 6.8683
-8.1485 3.3043
-5.5315 6.5349
6.3104 4.926
-8.5951 1.2771
-2.4406 -0.33372
-2.504 -9.6754
6.0702 -1.9038
1.0774 -4.369
-2.1816 8.6785
6.4493 3.8545
6.4994 1.8693
7.5436 -9.0974
4.8309 -2.5205
5.6571 5.3703
-0.7047 -3.1287
-6.5449 -6.5393
6.6405 -1.1385
5.8977 -9.5383
-5.6532 -8.2797
-9.2135 -0.25342
-6.952 5.9681
-7.7516 5.1466
-2.6772 0.8261
6.1878 -0.20911
-4.8652 -8.2715
-5.3408 -8.0979
-4.0636 -8.7994
-3.8961 -9.4429
-2.344 0.43024
-2.5978 -2.088
-5.156 -8.4021
-0.90313 8.4035
-3.5814 -9.7843
-5.7249 -7.788
-2.7679 -2.2811
1.1653 -4.2785
-1.8537 8.0032
-2.5461 -1.9766
-3.6823 -8.8338
-2.5143 -9.8586
6.5092 -9.3332
11.657 -5.0112
6.6542 1.9708
-1.3293 2.4244
7.1923 0.28115
5.8385 6.174
9.7292 -6.2921
3.1095 -4.3691
-0.33841 8.3423
6.6591 4.1001
-0.28392 -4.0971
11.399 -5.1754
-1.3729 2.1413
1.2127 -4.0394
5.882 -0.82189
2.8292 7.0686
0.28934 -10.534
-0.80692 -3.8584
-1.1053 -9.8337
2.6617 -4.28
-1.9237 8.5452
-4.2961 7.8633
2.0463 -4.0159
-2.3985 1.977
-1.3891 -3.2919
12.867 -0.31516
5.898 4.8482
10.408 -6.0636
-1.411 -3.347
-2.5688 0.36864
-2.8928 8.0507
-2.3438 -2.2987
-5.6542 -7.4714
-8.2645 -3.6104
-0.93544 -9.7642
-7.5333 4.626
-2.1958 8.6165
-1.6295 8.1248
-2.8229 -10.028
-2.7742 0.46358
5.7115 4.0877
4.4105 6.3294
-8.5753 0.22018
4.8502 -10.279
4.299 -10.199
-1.3712 -3.0802
7.6559 -8.2313
-1.8481 8.1993
-8.906 -3.4026
-7.2806 4.018
2.3881 -3.8043
-4.2901 -9.4287
0.10223 -4.5241
-6.0528 6.0312
-2.4503 1.1751
1.4848 8.4623
8.6848 -8.439
-9.1931 -1.1715
-2.3312 1.4036
-4.6127 -8.6693
6.0193 4.3167
4.4313 6.494
-8.5152 -2.1988
-8.654 -2.7583
-0.25278 -3.5228
9.7678 -6.9558
13.453 0.078644
10.773 -5.8089
-2.0815 -2.7609
-8.7798 -1.93
-0.20477 -4.4624
-8.7255 3.518
-2.3727 -0.87621
-0.81478 7.992
6.7706 -1.2111
-1.5062 2.0201
-9.0232 1.211
6.2907 -1.8403
-7.4043 -5.4586
5.1863 6.2453
-7.1534 -7.1775
6.2274 3.3277
-1.2815 8.1785
4.8115 -3.1432
-8.6076 -0.25777
-1.2599 -3.1067
5.6774 -9.4491
-1.895 8.8187
5.7352 5.2179
-2.4087 1.1152
12.636 -1.3672
6.901 0.42383
-2.4539 -2.7416
-2.1001 0.40859
-6.6835 -6.0987
-6.9741 -5.8233
-8.5697 -4.0249
-0.68402 -3.4711
-8.9138 -0.71063
6.4552 -1.087
-0.71772 8.5141
6.954 1.922
1.8373 8.3251
-5.4558 -7.7303
-0.61571 -3.8549
5.3737 -9.6228
2.3372 7.7683
12.902 -1.4221
3.2096 7.1811
4.9136 -2.4189
-3.1578 -1.1961
6.2586 -0.46178
-6.0157 -7.4982
-9.3875 -1.6746
-2.4485 1.3064
-2.9221 0.11002
-1.7162 1.8637
-8.1986 3.5905
-5.1819 -8.1575
-5.5532 7.2748
-6.5485 5.7363
4.7838 6.0448
1.0293 -4.069
-8.6714 0.51861
0.22732 -10.594
6.7273 1.0333
4.6915 -2.8044
13.025 -0.014101
-6.4822 -7.3304
3.9087 -4.0652
12.786 -1.7668
6.6539 1.4491
-2.8564 0.59191
1.571 -4.5417
-0.15424 -3.9333
-1.4436 1.7716
-8.8988 -3.6693
5.5426 -10.047
-6.7918 -6.1376
-8.3995 3.9389
11.166 -5.1948
6.6589 0.2555
-9.3275 0.069796
-5.8805 -7.9916
-6.1971 6.0764
-8.5107 2.8601
-0.19087 -10.584
6.8538 3.0226
-5.9648 6.8086
3.4658 -10.497
1.0108 -10.061
-3.3699 -9.2113
-1.1593 2.3577
-5.4287 6.719
-2.3133 -9.6672
5.719 -2.0139
7.1644 -9.129
-7.4289 -5.3632
11.034 -4.7639
7.0718 2.1983
1.9662 -10.91
-1.9844 -2.6993
-2.3761 1.2018
-3.011 -9.6441
5.5429 -9.7206
-7.4423 4.2942
-8.8025 -3.3351
12.343 -1.0492
-0.69468 -3.6757
-9.0215 -0.22542
-8.6188 -2.0068
-1.5687 1.8016
-2.0985 -2.5665
-2.2869 1.2286
-2.3643 -9.8117
6.1161 3.5792
3.4142 -4.2275
-2.28 -1.0215
5.1833 -2.3514
6.1584 -1.4359
-1.5076 -3.0293
-3.1694 -1.1147
-4.1271 -9.2719
-2.6843 -9.7419
-1.6064 2.047
-1.8886 1.5375
-9.1585 -0.88497
1.1792 -10.431
-1.1125 -3.0424
-7.358 4.3579
4.9302 -9.888
5.9665 -0.73406
-4.2394 -9.0303
0.38236 -4.6903
-3.2713 -9.4353
-2.7822 -9.4113
-1.8243 -3.0255
-8.4708 -3.8784
-0.63244 -3.3328
-3.4044 7.4958
-2.2403 -2.7507
-1.4177 -3.0735
-1.0912 2.5333
-0.39273 8.189
-0.73242 8.7222
0.60904 -10.068
-2.9718 -1.2094
6.933 1.9962
6.6895 3.4053
2.7293 -4.0633
-1.6449 1.0945
5.7329 5.6451
-7.4178 -5.9455
-7.9493 -5.8832
-8.7001 2.7269
-2.8329 -1.6953
5.5624 -9.9626
-0.75824 8.7723
-3.1853 7.9275
5.0503 5.826
-3.656 7.9082
-2.045 1.8782
5.5075 -2.11
6.0376 -9.0385
-4.9168 -9.0691
2.3486 8.1214
12.734 -0.84643
-0.58458 -10.779
-1.4614 -2.4439
-3.5665 -9.4606
-2.451 -2.6787
10.406 -5.3545
6.8977 -0.19067
5.8363 -9.4074
8.2235 -8.3044
-4.4249 7.2431
6.7936 -0.59303
-9.1135 -2.2111
-9.0236 0.25871
-1.9273 -2.7149
-6.978 -7.012
5.7935 4.621
-6.8733 5.7901
-2.0229 -2.4467
-8.1705 -3.2073
-7.6544 -6.3061
-1.4485 -9.765
6.5943 4.322
5.7772 -2.1536
-8.1426 -5.4272
-3.1396 7.7043
11.8 -4.4775
-1.7675 7.9145
1.6024 7.8207
1.7411 8.3939
2.8816 -10.588
-1.9959 -3.0348
1.079 -10.154
-1.9229 1.9241
1.9982 -4.5246
6.3826 2.1435
-8.6159 -3.8216
-1.5338 2.3297
1.8128 7.8459
6.116 3.6108
12.929 -2.0706
6.8468 -9.1154
6.7442 -9.4501
-7.4411 3.7659
-1.8756 1.3143
-4.1297 8.0457
1.0064 7.9715
0.089557 -10.391
5.5095 -2.1221
6.7779 4.1855
-0.1089 -10.02
-2.388 -1.4416
-2.2803 -1.0034
0.12713 -4.2304
3.8672 7.429
-2.5256 0.75479
-4.6466 6.8919
-1.7115 1.7193
7.09 0.89285
1.9508 8.1796
6.7238 -0.021771
-7.76 3.3769
4.8195 6.5183
5.7574 -1.7895
-2.9554 -0.79788
1.5459 -4.7448
-3.9836 -9.245
-7.9893 3.6482
-1.3711 -3.1181
4.9024 6.3556
-1.7883 -3.2754
-2.1837 -1.4289
-8.0106 2.5539
10.848 -4.4839
-2.8404 -0.001846
-7.9995 4.489
12.692 -2.0292
3.1832 -10.237
-0.001465 -3.7153
12.055 -2.9902
8.7781 -7.8453
-6.2982 -7.3576
-2.4262 -10.056
-6.1784 5.9323
-8.5515 -1.5284
-8.0955 -5.482
3.0009 7.6946
8.799 -7.9241
-8.8645 1.2001
-7.51 4.5588
-8.6885 2.3493
2.9231 -4.5927
0.43165 -3.7605
4.2413 -9.8592
-9.0643 1.8859
4.9179 5.725
-1.3284 1.7105
6.1634 -2.2635
6.8032 3.3902
-5.0567 -7.5866
0.57844 -10.635
3.0051 7.6575
6.7379 -9.5852
-3.9153 -8.9283
12.927 -1.9474
2.9107 7.2541
2.7976 7.3357
11.156 -5.8672
6.6538 2.5301
12.697 0.27374
7.0121 0.88887
-7.7754 2.9204
0.97179 8.1421
-8.7527 -2.9529
3.7468 7.5827
-5.2731 -8.4051
-2.0584 -10.059
-0.13652 -4.252
-7.8266 -4.6663
-6.6459 -7.1543
13.122 -0.3784
-0.47922 -10.795
4.6541 6.4946
-4.9576 6.8523
-8.7887 0.84935
-1.0319 2.3459
6.3833 -1.0518
-6.6654 5.1476
-6.1917 5.8946
-0.62527 -10.729
4.1637 -3.9469
-1.2713 2.1137
4.8076 -9.6731
-3.6371 -8.8681
-2.453 1.5004
-0.2441 -4.3569
6.9786 -0.39319
-2.0189 8.4914
-7.1275 5.2264
-9.4165 -1.4265
-7.7061 -4.6071
6.5836 2.5937
11.304 -5.7355
-2.1172 -2.7254
2.9182 8.2225
0.66053 8.6956
4.8313 -9.582
7.469 -8.9257
6.8169 0.65296
6.4263 2.8698
3.499 -3.6308
4.3048 -3.6143
6.0335 -9.5503
0.73818 -3.9709
6.594 3.6504
-8.2656 -3.9486
-7.7101 4.1878
-0.17574 -3.6237
-3.3249 -9.5066
-1.7978 1.6505
0.73272 -4.7344
-1.1962 1.7913
5.3022 5.3228
-7.4297 -6.3359
0.88574 8.0414
2.7211 8.0577
-2.9295 -1.3964
6.2839 3.1372
-1.3009 -3.3663
9.237 -8.0875
-7.3374 5.2963
5.5062 5.0653
6.8762 0.56022
3.4459 -3.9719
3.8199 6.9006
-5.917 -8.152
-2.6792 -2.3064
-7.891 3.8835
-6.065 5.7589
6.6687 0.81453
7.3379 -9.1195
-2.3651 -9.6082
4.4304 -3.5873
-3.9441 -9.5289
-4.1842 -9.2419
-8.7827 0.51229
2.777 -10.313
-8.4261 3.2588
-0.55534 -3.9946
-8.7599 -3.6397
5.6437 -1.2089
1.6608 8.0326
-2.4664 -1.2323
-8.8169 2.4803
0.72036 -10.793
-2.2942 0.47196
4.6333 5.6159
6.6849 -0.067736
0.001099 -4.195
-2.4155 -2.953
1.7153 -4.5586
4.8929 -2.6208
-8.7165 0.5729
-8.6894 2.1186
-3.8189 7.6878
-8.275 3.2502
-2.5502 -0.37704
-1.9783 1.6456
2.3021 -4.1562
-1.1092 2.2358
-0.64317 -4.0807
-8.8624 -2.4976
6.2451 5.5151
-2.6075 -0.11656
-2.0627 0.84996
0.96803 8.2234
5.0874 5.4932
-1.7656 -2.5981
-8.2259 1.9631
-9.1195 -3.0225
6.1998 -1.8555
-0.39751 -3.6255
-8.4818 -3.2042
-1.7308 -9.6462
-4.4434 7.2656
-3.5703 7.5822
3.4502 -10.414
4.6793 5.8344
6.9867 -0.5725
-3.0367 0.1115
-8.8623 -2.0698
-9.3328 -0.68622
-2.0045 -3.3873
-2.0308 1.4585
-1.7836 1.8833
-2.2914 0.83584
-1.0535 -2.7929
-2.1726 -1.7672
-2.7989 -1.0975
-2.1705 1.5597
-2.8089 -0.8403
6.3502 2.9496
1.7116 -4.0088
4.5871 6.6558
-0.3671 -4.0226
-5.8586 -7.5447
-1.7748 1.7753
5.4477 -2.6231
10.134 -5.8287
-7.6246 -5.3952
-2.0361 -3.1845
-7.278 4.2337
5.9569 4.7885
6.5919 2.4828
4.057 7.423
-7.2324 4.7572
-1.2574 -3.1259
-1.6388 -2.9534
3.6276 -3.7477
6.1897 -1.416
-1.2592 -2.5918
-4.0984 7.3779
1.92 -4.1183
-8.6224 -1.9113
-3.1696 -9.2111
-3.0915 -0.93483
-6.8641 5.7666
-2.955 -0.41846
3.1244 -3.8586
-8.7733 -0.4008
-8.5398 1.0187
-2.2135 -2.9328
-3.4692 7.8741
-9.0932 -2.3149
6.6398 -0.002169
-1.9471 2.0599
4.7262 -3.193
-8.6385 0.78539
4.2069 7.2319
2.1027 -4.6989
11.745 -3.3845
4.9543 -9.5751
-2.4749 -1.7383
-3.2519 -0.17638
-2.1824 -2.7705
-5.1553 7.494
-8.1849 3.2637
0.48007 -4.1391
-2.3079 1.3736
6.815 -8.9477
-5.0897 -7.5811
7.1679 -9.3007
1.1137 -10.413
-9.2272 0.40335
4.123 7.0508
-1.5508 1.8257
-8.7528 -3.0894
3.796 -3.503
3.0744 7.1857
-7.9431 4.1165
7.1466 0.76044
6.9989 0.19425
-5.7975 -7.9566
3.7356 -3.5107
0.95365 -4.4648
-7.0037 -6.7471
4.5168 -3.7703
6.4042 -9.4448
-2.8875 -10.131
-9.1004 -1.9444
-6.9101 -6.2392
-1.9192 -3.2202
-8.5126 -2.3635
-6.3321 5.416
-1.6441 -3.0349
5.6557 -2.4457
-0.9201 -4.0462
-2.5211 -0.98857
-8.9643 2.1355
-1.1648 2.7073
-2.008 0.54328
6.4492 -1.1375
3.2608 7.3416
-2.877 0.98668
-0.80365 -3.6208
6.5009 1.7547
6.876 1.874
6.6626 4.5149
5.5254 -1.7337
-1.6324 1.5891
5.4261 -2.4822
-0.12725 8.3027
5.7473 -2.7016
-2.0455 1.9317
6.1596 4.6255
-1.7006 1.7488
8.9809 -7.3258
-5.6443 6.6846
-5.0934 6.5338
6.4706 -1.6448
5.6049 6.2251
-4.3486 7.4626
1.1653 -4.4038
-0.3889 8.6853
6.5946 2.4129
-6.8215 -7.2316
-4.3014 -8.4094
12.162 -1.7719
1.3651 8.2216
-0.42632 8.3859
-1.418 2.3352
5.1215 -1.8846
1.766 -10.175
6.187 -9.6337
3.8111 7.2512
-8.8906 1.3169
-3.2564 -1.0853
-1.1219 -10.325
-7.6006 -5.9949
-2.7531 -1.4143
2.5377 -10.064
11.978 -3.6509
1.6265 -10.825
-2.8831 -0.26569
-3.3881 -9.5693
2.7431 -10.039
5.2955 -9.4028
8.0585 -8.8683
-2.7541 -9.8251
11.587 -4.3153
-1.0166 2.0365
6.6247 1.0355
-2.3285 0.3694
-2.6163 -9.5985
11.143 -5.4376
1.5646 -10.808
11.276 -4.8006
1.3005 8.5157
-8.3233 -4.196
-1.6281 -2.6978
3.3226 -10.456
-1.0586 1.8655
3.8822 -3.74
-5.5523 -7.6063
3.615 -9.9768
4.094 -2.9181
3.0266 7.7342
-6.4067 5.9976
-2.956 0.24474
10.767 -5.8018
3.4943 -10.038
-2.8392 0.44396
11.464 -3.8553
-8.8143 -2.057
1.7268 -4.6309
9.8204 -6.7561
2.5573 -4.4953
-4.5646 -8.5358
5.3917 5.4841
-8.8161 2.5818
-1.1679 2.4401
-0.87162 -3.8233
-5.6133 -8.3543
6.6431 -0.34667
1.7111 -4.6771
10.676 -5.7333
6.4945 2.349
0.84609 8.6261
-2.2243 0.34437
1.807 8.4797
-7.6093 -6.2623
-4.3278 -9.502
-1.945 1.96
-0.73893 -4.0246
-4.6249 -9.1603
-2.8033 -9.8056
6.4624 3.7743
6.9863 -0.77673
6.8134 0.31581
-2.2851 1.4492
6.3281 0.71459
12.034 -2.5876
0.104 8.0422
0.57478 7.9419
5.8679 5.9425
-2.1479 1.7376
-2.5411 0.82565
-3.8177 7.8143
-3.1472 7.7761
0.097718 8.002
-3.7082 -8.7981
-8.9712 0.38698
1.381 -4.1664
-8.7647 3.0556
-5.6906 6.9521
-6.0907 6.2351
2.7982 -4.1514
-2.5149 -9.7688
-6.8906 5.5876
1.4996 -4.3806
-8.4986 2.3301
-4.6065 7.3651
4.478 -9.8091
2.3079 -10.725
-8.7131 -0.4222
-7.4751 -5.0685
-5.3839 6.8128
6.4913 1.0198
-2.4342 -1.5284
4.9762 -3.3135
2.8413 7.2142
-1.8125 -3.3296
5.5208 6.3058
-2.7158 0.12218
-2.3828 7.6275
2.0669 -4.5924
-5.5106 6.0842
-2.3105 -1.6356
2.1615 8.1759
2.7186 7.8339
-1.2054 2.5267
6.7908 1.064
2.1619 -3.7069
1.0839 -10.803
-8.0648 -3.2593
1.4804 8.4075
-1.2659 1.8217
1.4737 -4.4046
-7.823 -4.3706
-2.3128 1.0675
-3.2322 8.1155
-1.7937 -10.009
-1.2737 -3.9057
-1.0967 1.8101
-2.9845 0.3246
12.919 -2.3741
-7.5481 -5.7842
-8.9526 1.6649
0.87492 -3.9391
7.2478 2.1312
-1.4354 1.6767
-8.1932 -2.6644
-1.6898 8.3392
6.509 -0.97499
-2.0029 -2.425
-8.5074 -2.3129
-5.6272 -8.6686
1.2626 8.485
5.6016 6.0002
-2.701 0.5047
-2.9932 -0.11244
-8.916 -0.4733
12.996 -1.2111
-6.9957 -5.7251
6.681 4.2965
-2.5312 -0.78837
2.8244 7.6157
6.7567 -9.7106
-2.2498 1.3095
-0.75548 -10.419
-3.1284 -1.0094
9.8726 -6.7046
-1.0447 2.7411
4.5827 -10.476
1.4565 -10.228
8.4895 -7.7619
4.8747 5.9904
-1.7901 -9.5198
6.8076 0.12645
-9.0309 -2.9461
12.656 -2.2282
5.8103 -1.9439
-2.4347 -1.3381
-8.6667 1.1036
-5.6792 6.1119
-4.0616 7.6986
9.1094 -7.3898
-1.1582 -10.256
-7.4094 -6.1333
-6.1605 6.4578
-1.8677 -2.0616
-0.71712 -3.7953
0.20568 8.3195
-2.9696 -1.5848
11.849 -2.8692
-4.0998 7.2969
6.1654 3.5027
10.702 -5.2482
-6.5591 5.8467
7.3384 -8.8552
-4.5823 7.3083
-0.49501 -10.216
-6.1898 6.063
-4.8426 -8.9745
-8.808 0.6646
-6.6263 5.4396
7.3339 2.1392
12.976 -1.9004
-2.9313 -1.9492
6.4928 -0.39871
10.072 -6.9973
-4.9602 6.6787
-2.3417 -2.2596
-0.79944 -3.1172
3.3683 7.1663
4.2365 6.3688
5.0584 -9.4333
12.635 -2.3538
1.9208 -4.3313
1.1213 -4.1595
2.4682 -10.319
8.8017 -7.6001
-2.5194 -1.6408
3.8325 -3.8179
-2.8114 0.75171
4.5437 -10.161
0.22801 -3.9612
-1.7503 -2.4733
-2.7535 1.5415
-8.8028 2.8015
2.0897 8.2276
