0.43429 29.319
2.9065 29.722
0.97178 31.41
-2.2548 30.351
-0.6614 29.423
1.2332 32.992
0.44358 31.308
1.2804 25.865
0.87199 25.939
-1.5509 28.498
5.3049 31.963
-1.7609 34.901
0.73554 33.45
-2.0991 28.838
-0.41213 29.266
0.42738 27.448
-2.099 32.866
2.5728 29.923
-1.5133 30.999
1.1221 27.815
0.0008682 31.097
0.30859 28.22
-0.62009 31.451
6.3929 30.353
-1.3096 33.69
-1.1049 28.44
-0.51332 29.879
-0.24685 27.847
0.83365 30.171
-2.4561 31.042
4.0018 29.473
-0.69097 30.229
-0.095366 30.206
-1.7914 29.174
1.6928 30.54
-0.92756 31.596
-3.74 30.954
1.9411 28.866
-3.0064 31.093
-1.9161 30.308
0.58836 31.162
0.12126 31.673
-1.0688 28.427
-0.11259 26.231
2.5322 30.36
-0.91296 29.559
-0.30061 32.468
1.6045 33.261
3.8937 29.423
-1.0471 29.864
0.66063 28.516
-3.2341 33.03
3.2809 29.95
0.49892 30.725
2.29 30.33
1.7004 33.581
-2.7534 28.827
-1.7718 29.43
-1.0788 32.041
-1.7544 30.795
-1.3321 28.997
-2.8585 31.567
-1.9172 27.546
-3.4407 27.309
-0.059376 28.524
-1.2677 32.361
-0.073773 32.849
0.68823 31.84
1.8102 28.562
-2.1863 29.434
0.41275 31.128
1.9166 29.28
1.4296 28.455
1.1352 29.137
0.3588 31.167
1.0647 30.821
1.1572 28.746
-0.445 31.708
2.8355 29.963
0.75739 28.403
0.93107 30.193
-2.6762 30.599
0.2751 29.389
-0.022488 29.131
-1.1183 33.524
-0.13473 29.382
1.8095 30.845
1.5165 25.434
3.0421 29.281
1.0787 26.58
-0.36424 27.374
2.4503 29.359
-0.5712 30.941
-2.9222 35.641
-1.7328 32.525
1.3976 30.789
0.50743 30.781
0.064912 31.191
2.201 28.303
0.44851 32.84
-0.60857 28.032
-1.0257 31.607
-1.396 32.127
-0.56403 30.143
0.60505 28.355
0.79325 29.229
-0.16985 27.653
-0.50682 29.09
-0.59068 28.95
-1.237 32.783
-0.97503 31.148
1.1799 33.175
-0.33374 27.721
-1.0071 30.287
2.8004 29.728
-0.89251 33.869
2.2466 27.554
-0.16329 29.701
2.5264 29.847
1.2477 30.01
4.7552 31.389
-1.046 33.043
-0.35234 26.621
-0.19101 28.154
-0.44059 28.371
1.6128 29.521
-1.6698 30.658
-0.46518 27.819
2.3294 29.95
0.89951 27.394
-0.48883 31.196
3.012 28.34
3.9527 29.368
0.27095 28.051
-2.2448 31.65
-2.093 28.527
0.46955 31.168
0.71467 23.979
-1.9971 28.427
-1.3735 33.1
0.10367 29.412
-2.508 30.889
-1.1493 29.412
0.95928 32.465
-1.0615 29.253
1.8385 28.79
1.412 31.457
2.4681 28.847
-2.6714 29.986
0.70229 30.651
0.90987 27.84
-0.79391 29.8
1.3952 33.545
-1.2696 29.336
0.052676 30.102
3.8183 30.286
1.408 25.947
5.7599 32.508
-0.073443 33.199
0.97974 31.729
-1.0152 34.278
-0.43333 29.775
-2.2754 31.023
-2.0944 30.099
2.9995 30.687
3.3004 34.143
1.5341 30.608
1.5023 26.887
-1.3786 31.929
-0.90209 29.325
-0.32893 29.135
3.0631 30.582
1.8173 29.985
-4.085 29.667
3.7525 30.587
-0.62888 31.478
3.0817 26.656
-1.6068 28.024
3.5258 31.191
2.9383 30.303
1.8936 27.605
-2.9364 29.971
-0.25962 29.94
-1.1317 28.693
-1.1053 32.39
-3.3141 28.827
0.81047 29.774
0.6551 32.011
-0.016335 27.209
-1.8546 28.879
0.36317 32.62
-3.1247 33.808
0.68489 33.696
-0.54408 29.898
-0.18252 28.645
-3.1455 26.894
-1.5231 30.792
1.6766 27.887
-2.1588 31.291
1.4089 33.662
0.89692 28.324
0.35586 27.418
-0.29451 26.861
1.0757 32.028
-0.63787 32.814
2.739 31.149
-0.059719 30.003
-7.1189 31.735
2.8213 29.374
0.12644 28.376
-1.8188 34.386
-3.2396 29.744
1.3207 31.415
-3.9177 30.754
1.0504 33.712
3.3033 34.008
1.1069 32.775
-3.0149 33.36
-0.57633 32.797
-1.0457 32.936
-1.5177 28.125
-1.0979 28.549
3.128 32.144
1.4585 31.792
-0.54775 28.282
0.45775 31.054
-0.14961 31.773
0.83314 32.422
-0.86061 29.696
1.3871 31.226
0.30264 27.086
0.64013 31.087
-0.96224 33.501
2.6985 27.009
2.822 29.669
-0.45472 30.036
4.189 29.074
2.606 30.272
-1.5603 30.639
0.14268 30.717
-1.9275 28.26
0.80216 32.24
-1.2141 29.86
-1.3548 29.476
-3.0706 27.044
1.3314 31.761
-2.5885 29.146
0.65017 30.451
-3.1172 30.238
-3.4731 37.974
