-8.071 5.0519
-18.992 6.2646
-16.891 3.3898
-13.449 6.4622
-10.033 8.8137
-15.603 3.6399
-9.0292 4.2732
-12.603 6.2893
-11.882 8.186
-9.6402 5.5824
-12.317 2.7224
-13.856 9.4517
-13.335 7.9614
-17.238 7.9369
-14.389 5.9103
-18.859 5.6164
-16.81 2.9463
-15.511 6.4311
-16.864 10.147
-14.846 6.2147
-16.41 3.0363
-12.784 5.6616
-15.252 0.45517
-15.569 10.564
-19.224 1.0421
-16.06 10.649
-18.687 11.712
-13.825 1.8935
-15.451 1.9706
-12.382 0.86992
-14.65 5.6626
-10.506 5.9248
-14.992 5.1342
-14.913 3.0484
-14.274 3.9675
-16.118 4.7928
-19.033 7.722
-8.8481 7.0073
-14.816 5.8475
-13.359 2.1719
-14.866 7.1553
-12.297 4.705
-9.2646 6.4998
-12.328 6.2629
-16.864 5.5238
-14.143 6.3086
-15.657 5.0072
-12.85 4.1527
-11.812 8.6874
-17.244 6.3493
-16.032 5.2141
-15.638 -1.0748
-17.519 5.4878
-11.57 7.0787
-14.501 2.5813
-15.109 0.35802
-12.15 10.488
-12.542 8.1147
-11.796 9.4772
-14.804 1.743
-14.486 7.3662
-10.298 4.2703
-13.674 4.4648
-19.21 17.961
-15.998 4.495
-13.736 5.5772
-10.537 3.2856
-14.864 10.195
-16.505 6.9876
-11.722 4.5
-16.728 12.579
-17.444 5.6712
-16.335 8.1652
-10.595 7.6497
-15.904 5.0036
-12.424 11.568
-13.381 7.6918
-15.698 4.0393
-15.191 5.7007
-11.614 6.6533
-12.549 9.6103
-11.699 6.9113
-14.202 5.0733
-12.601 7.6519
-18.718 1.3405
-14.77 5.818
-19.035 4.2658
-17.413 7.5349
-13.818 8.5102
-18.51 7.6389
-12.75 6.2572
-17.279 5.1517
-17.712 5.9273
-14.205 8.8979
-12.38 -0.21427
-12.683 6.9787
-18.007 5.9789
-14.73 4.0264
-15.036 6.3442
-13.566 -1.0863
-14.661 3.5563
-13.707 0.70472
-12.23 10.762
-18.522 11.041
-15.291 5.5436
-11.223 9.7976
-17.55 3.4591
-15.327 7.5509
-15.856 10.175
-13.107 12.895
-18.13 4.2403
-15.389 8.5536
-16.172 4.1813
-12.379 9.361
-9.9523 1.5128
-16.782 4.3192
-11.581 5.2808
-13.313 7.5808
-15.993 11.178
-14.224 8.6598
-15.609 3.0449
-19.376 2.0201
-16.876 2.3185
-12.635 2.7606
-12.53 8.594
-17.883 4.7188
-19.877 7.1306
-14.37 2.771
-9.5926 6.455
-12.692 4.6774
-15.821 5.7897
-14.052 4.8911
-12.202 1.6189
-14.345 8.3364
-18.393 8.4008
-15.533 7.1544
-11.408 9.3128
-13.117 7.7428
-16.711 0.27142
-11.609 9.9577
-13.858 6.2452
-13.845 5.1175
-15.346 10.704
-11.725 -0.84896
-10.565 6.4943
-12.392 4.4576
-10.07 7.6543
-15.657 3.6595
-9.4368 4.9219
-14.286 2.3643
-17.14 3.7913
-10.21 5.7699
-18.189 7.9628
-11.081 8.2099
-14.523 6.4046
-18.405 5.957
-15.702 7.4153
-9.5007 7.0298
-12.683 4.6956
-21.159 5.7833
-13.462 7.7504
-12.133 12.96
-11.429 3.7377
-6.0426 8.944
-16.276 3.187
-9.0786 5.9249
-5.3601 9.7617
-13.04 7.631
-10.202 6.5404
-10.141 5.8838
-11.74 4.0465
-15.761 4.111
-15.677 11.286
-11.242 4.1854
-12.264 4.1191
-16.599 9.7876
-14.76 4.6356
-15.564 2.3461
-12.797 9.3601
-15.724 5.1181
-18.676 6.3569
-14.546 2.0608
-12.251 4.4134
-14.618 4.8992
-13.81 3.5646
-18.299 -0.94895
-16.095 6.9894
-10.213 12.3
-14.025 1.8139
-15.462 10.94
-13.239 7.1709
-15.561 3.358
-14.957 10.22
-16.733 10.11
-15.824 3.1545
-13.903 7.7867
-12.634 13.727
-16.658 5.1443
-15.391 8.3944
-15.792 6.3795
-15.387 3.9989
-14.399 12.797
-8.7114 7.7866
-12.729 2.6577
-13.059 0.02161
-18.166 2.7962
-14.016 5.1911
-11.286 7.2668
-16.04 5.686
-17.438 7.3675
-14.736 5.3279
-13.109 11.414
-10.234 7.9906
-14.09 6.0042
-18.606 1.5656
-16.736 3.7766
-15.193 9.8798
-17.12 9.7929
-13.025 6.6771
-11.088 4.2997
-15.571 5.7957
-15.972 5.5118
-14.93 8.1767
-14.451 9.7026
-16.809 6.4464
-13.296 7.7518
-15.953 4.7579
-15.523 12.417
-18.288 8.3498
-11.393 2.2691
-19.161 1.9632
-14.738 8.5162
-13.416 6.1016
-10.51 10.594
-18.26 2.3127
-13.999 7.6457
-9.502 14.913
-19.055 4.9181
-17.684 7.5632
-17.979 8.9403
-9.482 3.5102
-18.383 14.461
-16.687 4.761
-13.386 2.5526
-13.584 3.9992
-15.902 9.541
-9.7993 5.5924
-11.434 7.7018
-15.514 5.569
-12.386 9.0418
