-5.6094 27.923
0.77552 34.028
-7.8107 19.556
-16.212 16.09
-7.3305 24.153
-14.555 15.396
-9.3514 18.403
-12.735 15.188
-16.279 15.047
-9.7426 20.208
-14.724 19.892
-6.0202 24.556
-7.481 18.262
-15.819 14.742
-15.013 15.885
-17.651 16.006
-11.76 19.086
-5.1745 20.353
-11.943 17.306
-15.061 10.311
-12.598 16.796
-10.098 19.738
-14.552 17.354
-11.311 22.808
-15.01 15.671
-13.292 12.16
-11.027 20.099
-15.773 12.901
-15.1 13.32
-1.2031 24
-12.69 17.769
-17.25 17.683
-7.8393 25.313
-7.735 19.741
-14.826 16.889
-2.4705 25.535
-5.5303 25.64
-10.665 21.887
-7.3115 27.273
-7.023 18.368
-11.907 19.684
-8.3527 24.012
-11.696 20.302
-11.13 17.82
-1.1377 26.982
-11.059 14.438
-17.109 15.917
-14.216 16.289
-15.669 12.13
-9.8219 18.845
-11.816 18.1
-10.883 18.908
-5.1074 25.365
2.4745 21.028
-8.1757 20.868
-12.641 14.004
-14.526 16.635
-11.702 18.277
-6.1767 26.647
-6.8492 25.484
-17.003 11.016
-12.455 20.118
-5.7726 26.708
-15.754 13.573
-12.326 18.077
-8.9621 19.845
-4.8351 26.348
-11.636 15.98
-6.2087 23.353
-5.0107 21.538
-5.174 20.844
-12.556 17.13
-12.686 19.565
-7.0509 24.91
-14.563 16.157
-10.591 21.407
-7.4345 21.969
-10.308 24.364
-18.228 14.634
-14.423 14.64
-7.1149 21.097
-16.572 16.272
-5.8498 24.056
-4.9824 21.644
-7.6625 27.452
-8.949 19.746
-8.4311 25.016
-13.999 16.354
-13.593 16.817
-15.408 14.405
-7.8049 21.099
-16.34 15.379
-13.339 16.332
-7.2942 22.95
-11.073 19.619
-7.1947 22.107
-5.5616 23.689
-13.983 17.187
-6.8649 22.966
-7.0879 22.339
-11.175 20.793
-2.4669 30.899
-4.3972 23.346
-10.117 20.177
-7.0287 20.818
-6.5318 21.916
-13.121 18.629
-11.823 18.165
-6.7472 25.425
-11.478 15.247
-9.4826 18.726
-1.5252 25.813
-1.5141 26.336
-17.311 17.215
-14.226 16.23
-11.066 22.183
-10.891 20.863
-11.089 19.44
-4.0922 28.243
-4.0698 21.288
-4.4845 22.836
-1.3977 28.233
-5.8777 17.274
-4.8685 24.179
-5.6733 24.281
-12.475 16.293
-7.7109 19.141
-10.232 18.847
-10.951 19.795
-3.7617 20.435
-7.025 23.584
-10.229 16.472
-10.985 21.116
-11.69 19.227
-2.1547 20.481
-9.5144 17.973
-12.7 14.643
-19.445 12.566
-3.604 27.165
-9.5783 20.353
-8.7757 22.048
-14.801 15.86
-4.1078 24.367
-6.1968 23.328
-8.9443 17.161
-7.771 24.609
-9.5242 23.113
-10.928 20.188
-13.884 17.772
-11.201 20.675
1.214 26.973
-12.637 23.334
-1.9235 25.066
-10.861 20.887
-4.438 24.402
-6.9421 23.959
-13.751 13.265
-11.554 15.841
-8.67 18.33
-14.297 13.969
-4.3879 21.344
-14.789 14.869
-7.5212 19.851
-14.751 11.497
-11.3 16.476
-11.303 21.92
-7.9182 19.748
-9.7275 15.743
-3.9607 21.576
-7.7431 25.329
-10.685 21.142
-3.929 21.071
-12.39 19.221
-8.6421 19.105
-15.143 14.433
-9.7312 20.351
-5.6418 27.597
-13.607 22.819
-14.859 19.114
-11.779 17.071
-10.379 19.421
-10.796 18.633
-20.093 9.7289
-5.3639 21.867
-13.236 20.989
-13.118 17.711
-5.3017 22.493
-3.8553 25.664
-8.2134 23.619
-4.9584 24.709
-6.4455 20.907
-1.5474 27.717
-11.153 18.438
-11.897 15.91
-7.7046 22.693
-7.3074 21.885
-8.7315 22.506
-7.1853 22.368
-6.3688 20.838
-14.864 17.313
-13.285 22.405
-14.619 18.018
-15.915 15.478
-8.6845 26.574
-12.645 22.047
-7.9314 21.795
-9.6407 21.395
-4.2191 24.341
-10.753 16.688
-9.7962 21.595
-1.2662 26.48
-11.319 17.77
-9.2511 21.972
-11.831 13.474
-8.0511 21.723
-11.53 18.881
-12.572 15.002
-7.2837 18.829
-18.983 10.903
-6.3262 20.179
-9.3462 22.746
0.925 29.25
-8.0967 20.218
-14.187 18.52
-11.426 21.716
-3.8941 25.257
-10.205 22.341
-9.9396 17.746
-14.677 18.303
-1.6411 19.796
-5.0726 28.092
-10.078 17.866
-19.159 15.855
-12.307 19.837
-13.012 18.405
-6.2942 17.331
-8.5348 22.405
-10.432 18.273
-8.5022 20.263
-12.55 21.24
-6.455 26.18
-6.3802 18.946
-15.945 14.217
-12.436 19.918
-11.697 15.908
-7.7748 25.519
-11.387 18.571
-5.0558 23.105
-6.8192 26.512
-9.0165 21.043
