1.1832 -0.10592
2.1707 2.1255
2.6979 4.0762
2.7904 1.9348
-1.3176 0.06011
3.0676 1.1204
0.43514 -0.84356
-1.5719 -0.716
-0.59075 -0.0018724
0.33098 0.78261
-1.1945 0.15441
-2.1722 -2.0283
3.308 1.2173
-1.0183 2.3423
0.19963 0.27466
-1.545 -0.32711
-0.72259 -0.034097
1.0461 2.5951
-0.0051374 0.97978
2.5632 2.6282
-4.7817 -5.0064
0.6753 1.0369
1.7594 2.7456
2.072 2.6481
-1.6327 -0.87565
5.6102 2.5046
-0.0074963 0.46062
0.7311 -0.037442
0.56021 0.13524
-3.5426 -2.8802
5.2871 5.5473
-0.8154 -1.3554
-1.1549 -1.4802
-1.0243 -1.3497
0.95049 0.015824
-1.6372 -1.368
2.6728 0.748
0.18221 -0.81277
-1.7742 1.5387
-0.88184 -3.8172
0.04501 -0.83086
-3.0598 -2.1534
-0.059299 -1.992
0.45073 -0.31427
-0.39914 -1.6214
-1.9857 -1.9337
-0.65497 -0.84128
1.0982 1.0041
-2.2635 -4.2641
1.2008 1.0781
-1.5862 -3.1573
-0.61412 -0.10717
-0.78428 2.0844
0.007939 -0.79138
4.7452 3.0037
-2.0124 1.3041
-0.82641 0.63575
1.6729 -1.3884
-1.3247 0.36439
-3.4223 -5.2809
-0.35283 -0.22511
0.91609 1.3396
0.43101 -1.0834
2.0615 1.4134
1.3227 -0.67617
0.78096 -0.50542
-0.48834 -0.21331
1.6824 3.5076
-1.3645 0.01155
-2.8684 -1.8364
2.0555 -0.52959
-2.9124 -0.26779
1.1055 1.3915
1.7931 1.5714
0.22783 0.7424
1.4831 1.338
-0.083183 -0.89421
-0.71251 0.6121
-0.47883 0.25328
0.38673 1.7111
1.0019 -0.70778
2.4041 1.0425
0.86205 0.55128
2.6419 1.4987
-1.2124 -0.51522
-1.4815 -2.5019
1.3464 0.92975
-4.0674 -4.8175
1.4073 -0.25634
-0.61127 -2.0526
-0.59423 -2.6115
1.2267 2.8555
-2.8025 -2.6688
0.071387 1.7735
-1.4098 -2.6672
3.0548 0.027815
-2.9829 -1.1132
0.66779 0.77204
2.2482 -0.47083
-0.26512 0.329
-1.017 0.72134
0.11509 -0.64675
0.89649 0.73416
-2.6343 -3.1003
0.040128 2.1971
1.5662 -0.73695
0.21616 1.2881
-0.35516 -1.548
-0.10406 1.3883
1.2502 0.62217
-5.8586 -4.9473
1.0599 1.3005
1.3662 1.0091
-0.028713 -2.5448
0.61046 1.752
-0.058866 2.8638
-1.6168 -2.7271
-3.4376 -2.6467
1.1528 -0.67794
4.2942 5.1278
2.1214 3.7488
-1.2857 -1.6501
-2.6457 -3.1672
-0.20819 -1.4442
0.73442 0.014054
-1.7524 -0.66267
-3.3175 -2.0433
-3.0475 -2.6219
-1.5845 -0.789
2.6222 1.3445
-1.4367 -0.7229
-3.6352 -3.8555
-1.0741 -0.59522
0.26382 0.4777
0.62331 0.26658
0.54365 1.435
-0.47923 -1.5484
-1.9562 -0.69586
-2.2741 -1.5073
-1.2267 -2.2539
-2.46 0.023049
-0.61934 -2.2023
-2.9122 -3.5631
-0.807 -2.3257
-0.76985 -1.4524
1.7549 2.9062
0.28126 -0.79304
2.2542 3.9993
-0.10787 -0.27836
2.0133 -0.079161
-1.146 -0.78893
0.16476 1.1403
-2.2657 -2.625
-1.1756 -0.93375
3.4935 0.80554
0.79756 0.8423
-3.2331 -2.6453
-1.4669 1.1564
2.8712 1.3099
0.25706 -2.679
-0.97485 0.016928
-2.264 -0.060532
0.44436 -2.9643
1.6173 0.94568
1.138 1.249
-1.4012 -1.185
0.12532 1.4364
-1.8444 -0.099667
-0.88239 -0.12524
-0.28179 2.1598
2.5854 0.56867
0.9808 0.6071
1.4525 2.0651
-2.2422 -2.0908
1.1868 1.515
0.12746 -1.1386
1.7529 1.8911
0.97015 1.3496
-0.41617 2.1468
-1.5196 -1.2533
-0.77934 -1.8318
-3.2987 -3.6655
2.9999 1.1401
-0.043751 1.3231
-0.47466 2.9068
2.6318 -0.17938
2.4571 0.55131
2.0063 -1.2188
-0.24855 0.7694
-3.245 -1.1982
-5.98 -4.1492
0.66532 1.4467
1.2715 3.245
1.2785 -1.0085
0.77577 0.26849
-0.8389 -0.95193
-1.5087 -2.9005
-1.8269 -2.8503
1.3421 0.56521
-2.8915 -2.7417
3.6334 2.0941
0.16716 0.75973
-3.2167 -2.0577
-2.9691 -0.75902
-0.79749 -0.15209
1.1038 0.54543
0.12757 0.48125
2.4809 -0.37043
4.7435 3.0409
1.0193 -0.49227
0.59008 1.1336
1.0593 0.29458
0.13277 0.012194
1.2652 -0.8599
2.4535 1.7218
-0.060788 -0.34748
-0.8062 -0.16381
-0.28816 -0.57938
0.043486 0.3107
0.90599 -0.88415
4.7786 0.40297
1.3709 -1.0232
3.4555 5.2714
-3.3926 -3.2348
-2.0821 -1.1941
-1.3029 -1.9988
2.5962 2.4549
-0.2921 0.2092
1.9923 1.4547
-0.72897 -2.8278
-0.2382 -2.1668
0.74262 1.8377
5.5393 5.6768
0.41592 -1.4205
0.71235 2.3566
1.3529 2.6091
-1.6936 -0.111
2.0107 -0.19631
2.3487 2.3485
0.68229 -0.11674
1.7943 1.0068
-0.61671 1.6482
0.21757 -3.5016
0.80997 1.7247
0.93345 -0.057696
1.5859 1.1954
2.3828 -0.54944
0.64964 -1.9864
1.4026 1.2435
-0.98536 0.1091
