12.453 -9.0048
15.017 -7.3171
9.2818 -7.6867
9.9294 -8.7241
10.638 -7.4879
13.197 -8.9384
10.114 -8.3575
11.79 -7.5239
11.863 -9.928
14.976 -7.292
13.038 -8.769
7.2901 -8.0896
12.5 -6.851
12.778 -9.1769
12.523 -6.6441
11.504 -8.2706
12.081 -7.6092
14.728 -8.3859
12.078 -10.537
15.032 -7.3908
13.722 -7.0125
11.2 -6.5419
9.4708 -7.5891
11.912 -8.1269
11.552 -7.1971
9.6071 -7.7186
7.9572 -10.797
10.014 -8.4987
11.601 -7.7992
11.46 -8.7607
12.885 -8.8384
7.2599 -8.918
7.6054 -8.5095
10.441 -6.853
10.797 -9.2126
10.622 -7.8978
10.616 -8.4828
10.781 -8.5179
13.078 -8.6586
10.092 -8.28
13.033 -7.9859
11.515 -8.8475
9.9292 -8.2909
11.254 -9.6831
10.022 -6.3154
9.1267 -8.029
13.682 -8.4494
6.9534 -5.3125
7.3212 -8.8936
7.8838 -8.671
9.2511 -8.8567
11.229 -7.5107
10.777 -5.5365
11.314 -7.0287
13.589 -7.8629
8.8469 -7.7811
10.463 -7.3303
8.5929 -7.4674
14.219 -7.9356
11.95 -7.2601
6.03 -8.3891
15.121 -7.2296
11.143 -8.0866
5.1505 -6.78
9.895 -7.3903
13.091 -6.72
10.398 -9.6366
13.559 -8.342
10.536 -7.2201
6.8668 -7.1903
12.42 -7.4054
11.814 -9.0528
14.536 -7.9044
12.087 -7.7998
9.0984 -7.39
12.13 -7.8367
13.827 -7.8134
11.405 -8.1179
13.499 -7.3997
12.968 -9.2728
9.4872 -8.1553
9.7786 -7.0132
8.6746 -7.1141
8.4319 -5.4808
9.4875 -10.237
13.727 -8.6943
10.908 -6.5014
9.5974 -8.2765
12.808 -8.1179
12.191 -7.5543
11.133 -7.3931
10.595 -7.2792
9.4589 -8.6972
10.172 -8.0874
8.8094 -6.9489
10.508 -10.046
7.547 -7.4579
11.984 -8.9531
9.8429 -9.3408
8.5321 -6.1948
13.853 -8.9254
11.156 -8.3882
11.917 -6.9969
13.754 -6.791
7.9044 -9.3722
10.283 -8.2082
13.52 -8.3613
10.361 -7.6785
15.147 -7.4708
8.3566 -7.1738
16.26 -8.948
6.9944 -7.8665
9.3608 -9.5226
11.263 -8.4319
11.259 -9.5362
7.862 -9.5995
6.3098 -8.2045
12.812 -7.6248
11.76 -7.005
12.687 -8.5494
10.341 -8.2101
10.115 -7.9446
12.402 -7.7472
12.937 -8.3809
12.147 -8.2821
10.02 -8.5134
11.205 -7.1856
13.695 -7.1316
11.714 -6.808
9.4522 -8.253
11.472 -6.4554
12.228 -8.4359
10.002 -7.8026
13.177 -6.3466
15.722 -8.6705
11.511 -8.4859
13.418 -7.9151
9.8211 -5.2801
12.977 -9.0156
9.6975 -9.1223
14.065 -6.704
13.968 -9.0268
15.392 -5.6575
14.558 -8.7429
15.561 -7.7727
12.239 -8.2269
8.3758 -8.1629
10.239 -8.3411
12.449 -8.6705
13.737 -6.5236
11.508 -9.4118
14.233 -9.0393
11.46 -8.6853
9.7722 -9.2333
10.404 -6.9995
10.673 -8.3317
13.408 -5.7528
7.5894 -7.6164
11.793 -9.207
9.7181 -9.5049
9.7064 -7.2683
9.5604 -7.8496
12.151 -8.8916
12.926 -7.0051
10.927 -9.1315
9.7441 -8.9458
6.8271 -7.3766
10.401 -7.3488
9.054 -8.3905
9.8762 -8.4089
11.556 -8.5489
10.026 -8.2184
11.332 -8.1398
11.393 -7.29
12.019 -7.7839
15.152 -8.6991
12.519 -8.1477
9.5606 -8.2407
9.9275 -8.1229
10.5 -7.8242
8.9499 -6.1644
10.489 -7.5057
11.494 -8.2332
8.9398 -8.2664
12.322 -7.721
12.367 -7.4417
10.675 -8.8718
11.475 -8.4779
9.7515 -8.7209
6.2474 -7.6178
9.8787 -8.7894
13.632 -7.0422
10.516 -7.8546
8.2634 -6.7912
9.4513 -7.2551
9.3633 -7.9764
13.208 -6.793
9.7112 -11.119
12.995 -7.3339
8.5415 -8.0854
12.927 -7.8464
10.289 -9.3974
10.955 -7.911
13.142 -8.1883
9.067 -7.6307
12.13 -8.2262
9.2776 -8.5404
9.8962 -7.806
11.553 -6.0822
14.257 -7.7606
13.716 -9.1301
10.72 -6.9585
12.128 -7.7063
9.4841 -7.5658
13.329 -7.5163
12.57 -8.3981
10.343 -7.527
10.323 -8.4819
12.577 -9.1307
10.786 -9.2508
7.9496 -7.3542
13.148 -8.9043
14.234 -7.9221
11.23 -7.5293
12.512 -8.5853
12.099 -7.4494
7.6929 -8.1869
12.082 -7.9606
12.57 -9.254
10.253 -7.938
11 -6.6441
10.658 -8.6089
12.145 -7.7682
9.9905 -8.6234
11.52 -7.1671
10.642 -7.7493
9.1271 -7.3944
7.3753 -7.5004
11.473 -6.8844
10.02 -8.1167
9.1459 -7.5492
9.3718 -6.6544
10.234 -7.9095
14.311 -8.2522
6.9431 -7.6247
11.171 -7.9582
7.7932 -7.2958
9.8597 -7.3659
8.6575 -7.5059
12.819 -7.9205
