10.465 8.5909
8.9002 7.7586
11.494 6.4588
4.9207 13.529
7.6263 10.609
10.846 9.2006
9.144 11.417
7.9807 10.662
10.961 9.7244
8.2653 11.028
8.9477 10.528
8.2407 7.7013
9.3651 8.3701
10.119 9.2447
7.5274 11.096
6.9664 11.24
9.3332 7.9598
9.5241 9.6018
11.859 7.8253
8.7073 9.2369
10.915 9.2748
10.254 9.8981
11.248 9.4561
9.0183 10.127
10.396 7.7766
7.5646 9.6913
8.6392 12.914
8.6399 6.7719
10.044 9.6476
13.16 4.8109
8.5684 10.267
8.5157 10.097
8.2883 9.9856
8.0608 9.9152
7.8572 11.102
7.1361 10.957
6.5038 12.232
11.612 9.0132
10.654 8.713
10.722 7.191
7.6724 10.342
5.6822 12.054
6.3268 11.724
10.594 8.6368
10.2 8.6204
8.8257 9.4916
12.231 7.0794
11.459 7.7563
5.6119 12.09
10.584 7.5906
9.0359 12.439
9.0226 12.573
11.698 8.2436
6.3739 10.954
6.6086 9.2283
10.155 9.4842
8.367 10.222
10.54 7.2747
7.2895 9.2266
10.847 8.8805
8.5296 8.0901
9.5049 9.6887
10.677 7.6489
10.402 12.444
8.2845 11.578
6.9499 10.49
9.1862 10.517
13.581 6.853
9.1911 10.057
8.8971 11.138
12.125 6.9933
10.546 9.5894
7.9165 11.538
8.6855 11.368
9.0414 11.862
10.64 9.4108
7.9731 7.9812
11.299 8.141
9.3706 9.0321
8.6377 8.1898
10.539 9.6387
9.484 7.2617
7.937 9.9858
11.437 11.18
9.347 8.4545
6.252 13.279
5.8252 12.215
7.6268 8.4795
7.7949 12.373
8.1952 12.199
8.6363 8.7636
9.8512 10.123
14.38 3.9489
9.6662 9.9216
7.556 10.931
13.307 5.8088
9.4602 8.0509
7.8461 10.959
11.316 6.3749
11.427 7.0624
8.7052 12.691
10.468 9.1714
10.59 8.1527
10.334 9.0919
8.4662 11.115
8.6257 8.9224
7.8378 12.48
10.704 10.358
5.6513 11.087
7.9344 11.59
6.4894 11.323
9.2256 9.5385
13.837 6.4219
10.048 7.5314
9.0359 7.2829
10.862 9.5451
8.9819 9.549
10.342 9.6619
9.4067 10.292
12.573 7.1673
10.325 8.4584
8.1666 8.5336
11.053 6.3491
8.9418 8.0616
8.3385 12.328
8.9008 10.227
13.07 7.7624
9.7579 11.169
10.856 7.9464
8.7209 10.155
11.783 6.7305
10.459 10.459
6.1255 13.063
10.208 7.1279
5.9614 12.044
7.058 10.655
10.535 8.7705
6.5942 12.107
8.2644 11.9
10.458 9.9153
13.614 6.4754
11.219 8.7154
12.089 7.76
8.7319 9.9736
7.5386 10.909
12.448 7.78
7.3106 11.569
9.5087 10.438
8.1126 12.14
8.6444 9.569
11.442 7.096
9.9366 7.4371
13.587 5.8787
8.3461 12.14
9.4 8.7548
12.672 8.3298
10.011 8.3161
9.8394 9.6305
9.1947 12.571
11.393 12.03
8.175 8.3172
8.9522 7.6747
8.6077 9.2602
10.583 8.7003
10.305 6.8953
9.8764 8.5369
8.0992 10.934
11.413 7.7249
12.457 7.8977
8.7732 9.3656
8.5716 10.961
9.2289 8.516
8.0485 9.9919
10.578 7.8587
12.614 7.6739
9.7986 7.2919
4.062 12.536
7.9847 10.081
11.001 10.183
7.315 12.598
9.4418 10.479
9.0678 10.328
8.5994 9.9181
11.621 11.958
9.0877 11.21
8.2376 10.184
7.3777 9.0002
9.2658 10.403
11.371 6.6471
8.9635 10.415
10.841 8.9379
6.4348 13.977
14.34 6.2085
10.842 8.5525
8.5573 10.351
8.4942 11.12
11.908 4.9188
8.7701 11.847
13.072 10.125
7.0038 9.8429
8.5842 11.38
7.7771 7.2269
10.908 7.5535
11.773 7.6974
10.069 10.097
9.0192 10.166
9.7456 8.8718
10.844 7.743
9.5629 9.3147
9.8838 10.655
9.6796 8.9662
8.4664 8.8187
11.698 8.9165
10.928 8.351
11.505 6.8596
7.3426 12.371
10.52 9.1528
9.0199 9.6936
6.893 12.874
8.4843 10.342
9.6773 9.3819
7.2208 12.775
7.9707 9.9129
10.136 9.561
12.189 6.4544
5.2936 13.417
9.7436 10.158
6.9366 12.484
13.423 6.4387
11.151 8.6904
9.6784 7.9737
7.6703 11.252
12.056 5.8931
4.8224 14.347
13.171 7.2636
12.08 7.1839
11.335 8.1957
9.7799 9.8895
13.307 5.8647
8.7752 10.504
10.685 8.7306
12.984 7.8632
8.8099 11.964
11.697 7.312
7.5498 9.554
12.49 6.8485
9.2545 10.756
9.245 9.8996
5.8489 11.211
11.342 5.9109
