1.7951 0.67645
-0.29671 -1.4352
-1.7823 0.56094
-0.81163 1.4782
-0.71197 1.7305
-0.13842 -1.4278
1.5077 1.2952
1.1813 -0.94405
0.23534 -1.3933
1.3355 -1.3211
-0.97007 1.3802
0.28258 1.6328
1.6435 0.18696
1.7576 0.68894
-1.733 0.30697
0.68858 -1.7314
1.3046 1.4846
-1.1575 1.328
1.8291 -0.55854
1.6186 0.78607
0.06376 -1.8624
-0.25066 1.7227
-1.464 1.323
-1.4351 -0.44666
1.0199 1.4549
0.057699 -1.7876
1.8909 0.13173
0.60484 -1.7734
-0.16959 1.392
0.10015 -1.4409
1.9091 -0.54278
-1.3765 0.54419
1.5648 -0.059073
0.57742 -1.6654
-0.16212 1.7265
-0.73137 1.7218
1.5793 1.0332
-1.8125 -0.1378
1.9177 0.13382
-1.8423 0.34991
-0.49899 1.7194
1.7999 -0.32714
1.4894 -0.94101
-0.073569 1.5889
-0.77191 -1.2159
1.629 0.45125
0.95746 -1.4581
-1.4302 -1.1229
-1.2393 1.105
1.7346 0.49554
1.8243 0.3733
-1.3841 -0.94536
0.22593 1.3944
0.12793 1.6685
-1.8257 -0.57896
1.1557 1.4187
0.85507 1.3022
-1.3745 1.257
0.59306 -1.4554
-0.52657 -1.3919
1.2933 1.0055
1.4633 1.3544
-0.27561 -1.7299
1.4994 -0.20156
0.36747 1.385
0.59698 1.4043
0.77274 1.3736
1.9275 -0.063693
1.1216 0.94792
1.6554 -0.76927
-0.24509 -1.5943
-0.90297 -1.4101
1.6177 0.060981
1.4071 -0.41937
0.31323 1.7008
1.5336 0.37237
1.052 -1.3286
0.76256 -1.6342
0.65581 1.8465
1.2647 1.1474
1.7618 0.34251
-0.70979 -1.2598
-1.6456 -0.6816
1.6876 0.76443
1.1963 -0.91463
0.88635 -1.4566
-1.5495 -0.71628
-1.6174 -0.44305
1.1193 -1.0849
-1.5771 -0.71867
-0.41178 1.5522
-1.6082 -1.0359
0.59424 -1.5488
-1.5405 0.42287
1.1736 1.587
-0.94505 1.1134
1.4245 -0.058583
-0.42215 1.5497
-1.4888 -1.144
0.2285 -1.8791
-1.4778 -0.88009
1.6207 0.84412
1.0667 -1.6584
-0.31696 1.6926
0.76536 -1.5973
1.7145 0.46329
-0.18017 1.9166
-0.93025 -1.717
1.4931 1.2753
-1.5624 -1.0357
-0.97732 1.3779
1.6084 -0.82085
1.1896 -1.3136
1.6842 0.37255
-1.4333 0.060542
0.84525 -1.5333
-1.2827 -0.729
-1.5888 0.21371
-1.276 0.70378
1.0097 -1.2235
-1.143 -1.1081
0.091618 -1.9495
1.4294 -0.33214
-0.99098 -1.3337
-1.6677 1.0305
-1.6728 -0.86617
1.6002 0.10688
1.7038 0.86215
1.7829 0.79836
-1.2542 -1.3248
0.021569 1.4682
-1.2667 1.3568
0.93421 -1.1285
1.3301 -1.1614
-0.71503 -1.7328
1.3871 1.4088
1.5172 1.1764
-0.79187 -1.5136
-0.99444 -1.6587
1.7648 0.85442
-1.1035 -1.0453
1.1588 -1.1521
1.8484 0.63876
1.2436 -0.9429
0.34443 -1.6682
-1.178 -1.4238
1.3403 0.52359
-0.42244 -1.5064
-0.98656 1.5926
0.461 -1.4012
1.6671 1.0597
0.35971 1.6764
-0.57378 -1.7567
-0.4134 1.6923
-0.42388 -1.8679
0.76786 1.5898
-0.5034 -1.767
-1.4107 -0.000715
-1.4344 0.47632
-1.1151 -1.4865
1.6381 0.048567
-1.5869 -0.07343
-0.62698 1.4399
-1.6798 -0.6953
-1.9247 0.38237
-1.4054 -0.9947
-0.009278 -1.6484
1.5944 -0.57801
1.5892 -1.0327
-0.60107 1.3199
-1.3497 1.2245
-1.7073 -0.4382
1.1371 1.5178
-0.84097 1.7187
0.91253 -1.6452
-1.4009 -1.3371
1.5261 -0.44111
-0.89943 1.624
-1.3263 -0.88266
-0.19354 -1.9644
-0.27846 1.7499
-0.77737 -1.2245
0.83924 -1.6913
-0.40011 -1.5165
0.31588 1.6815
-1.3629 -1.2261
1.3038 -1.2669
-1.7115 -0.6685
1.1235 1.6491
1.7523 0.4909
-1.2172 0.82512
1.3206 1.1423
0.14879 1.439
-1.1764 -1.0045
0.68847 -1.5344
-1.2269 1.1502
0.37766 -1.5006
0.46951 -1.9378
0.85591 1.1955
-1.0443 -1.6243
1.2388 -0.80077
0.12524 1.456
1.6551 -0.37589
1.9141 0.50718
1.0854 -1.0924
-1.1109 -1.058
-0.61779 1.2913
-1.2909 0.76622
-1.7684 0.51933
-1.9507 -0.34633
-1.7386 -0.74802
-1.4237 1.3018
-1.4775 -0.39152
1.3885 -0.1872
-1.5435 -1.1031
-0.4526 1.5482
-1.3296 -0.49321
1.7502 0.80171
-1.8376 0.48233
-1.5496 0.97605
-1.5581 -1.2091
1.3669 0.39795
-0.47755 -1.5581
1.6212 -1.1026
1.1648 -0.85734
-1.6055 -0.63202
0.35954 1.6253
0.12412 -1.9778
1.137 -0.81942
-0.98754 1.0226
-0.26134 1.3755
-0.50289 -1.4545
0.022609 -1.9344
-0.006972 -1.5551
1.6036 0.3125
-1.1542 -1.5002
-0.31998 1.6535
0.68262 -1.6182
1.4062 1.2278
1.1743 -1.318
1.1465 1.2862
-0.8672 1.1137
-1.5885 0.84047
1.0465 -1.1513
-1.6774 0.68351
-1.5354 -0.042729
0.77844 -1.7827
-1.5935 0.014878
0.3677 1.386
0.92502 -1.1423
-1.7697 0.11204
-1.8392 0.38042
0.35933 -1.8655
-0.89453 1.4601
-1.952 -0.060086
1.7036 -0.90477
1.2429 1.2635
-0.92138 -1.5628
0.1116 -1.4655
-0.96381 1.0902
1.5268 -0.44374
0.43834 1.5108
-1.8624 -0.39927
-0.3177 1.7852
0.38502 -1.3635
-0.88535 -1.0869
0.66555 1.5169
-0.627 -1.5022
0.34928 -1.8287
1.9709 0.2682
-0.045974 1.9401
-1.7073 0.87399
0.92952 1.2449
-0.93086 -1.6262
1.6267 0.82029
1.9335 0.16475
1.4215 -0.54545
-0.29395 -1.5857
0.52264 -1.3091
-0.46924 -1.3406
0.82585 1.1358
1.8778 -0.18996
0.86104 1.3458
0.37128 1.7699
-1.5599 -0.44443
0.47222 -1.863
-0.18232 1.9317
-1.4191 -0.075053
1.4602 0.93016
-0.28612 1.6372
-1.9928 0.14418
1.5974 -0.41107
-1.5957 0.48584
-0.61878 -1.3633
-0.13114 1.4234
0.72016 1.7715
1.5048 -1.2165
-1.1511 -1.0318
1.7365 -0.47394
-1.0842 -1.3804
