0.77192 0.15144
-0.51945 -0.20932
0.009681 -0.22529
0.40942 0.41617
-0.12445 0.76589
0.73009 0.078425
0.18817 0.56012
-0.74579 -0.11393
-0.013401 0.19514
0.043533 -0.33016
-0.34381 0.20723
0.26511 -0.15287
0.45613 0.010447
0.099999 0.58721
0.076818 0.49078
0.33639 -0.5604
0.006958 0.34966
0.64585 0.010685
-0.19873 -0.31424
0.76491 -0.039282
-0.52093 0.39788
0.65292 -0.39162
0.34436 -0.63845
0.59959 0.18072
0.7212 0.014099
-0.30063 0.27696
-0.70331 -0.145
-0.36412 -0.49633
-0.65764 -0.32844
-0.56948 0.52115
-0.19538 -0.066015
-0.35072 0.65125
0.41337 0.57737
-0.19123 0.33617
-0.30929 -0.16657
0.020454 -0.52563
0.22126 -0.28192
0.043508 0.33995
0.56875 0.004001
-0.29347 0.3238
-0.36093 -0.20316
0.074428 0.001415
0.082916 0.23686
-0.56918 -0.23132
0.22367 -0.62131
0.041417 -0.1142
-0.5143 0.035582
-0.43629 0.28924
0.34958 0.36088
-0.32649 0.34617
-0.3824 -0.30884
0.077087 0.54539
-0.56325 0.42501
-0.45009 -0.018633
-0.10812 -0.3135
-0.34677 0.69027
0.70172 0.307
0.25595 0.6282
-0.007174 -0.27639
0.4186 0.31108
0.10637 0.3584
-0.51054 -0.21096
-0.2904 0.71976
-0.37768 0.59953
0.14061 0.045767
0.58819 0.11387
-0.13308 0.15821
0.14647 -0.1215
-0.397 -0.65286
0.048798 0.37362
0.47573 0.17209
0.39103 -0.69097
-0.77677 -0.044248
0.42394 0.36745
0.2032 -0.21206
0.74657 0.28045
0.48413 -0.2686
0.14379 0.69676
-0.2943 -0.59832
-0.77946 -0.10251
-0.72577 -0.18982
0.31335 0.46133
0.1872 -0.60593
-0.51578 0.22426
-0.39682 -0.50095
0.049936 0.010019
-0.066751 0.19444
0.5637 -0.14683
-0.18176 0.13342
-0.64444 -0.33893
0.59745 -0.002191
0.15438 -0.12671
-0.51932 -0.47943
0.041714 0.1823
0.17323 0.38895
-0.66373 0.35696
-0.4912 -0.13325
-0.35404 -0.53118
-0.40869 0.59308
0.44688 -0.57176
-0.3629 0.61213
-0.47677 0.57464
0.011882 0.72508
0.68744 -0.39403
-0.054259 -0.27475
0.45499 -0.63592
-0.21368 0.38493
-0.39558 0.19735
0.51036 -0.1683
0.48426 -0.2155
-0.27174 0.70958
0.084471 0.38531
0.49484 -0.00059
0.58044 0.26872
0.39505 -0.20461
-0.13067 -0.75795
0.56111 -0.32761
-0.12587 -0.52461
0.78703 -0.12088
-0.7193 -0.12978
0.03401 -0.64905
0.44512 -0.11109
0.50379 -0.072649
0.28865 0.22106
0.48549 -0.37275
-0.73158 0.069435
0.077644 -0.33728
0.23088 -0.12863
0.47069 -0.39442
0.65773 -0.10113
-0.23968 0.40392
0.16846 0.60166
0.56361 0.42704
-0.61016 0.2836
0.27338 0.46743
0.68417 -0.003052
-0.20659 -0.44916
-0.66721 -0.25996
0.49522 0.011499
0.22353 -0.32724
-0.68044 0.16999
0.12545 0.59311
-0.32432 0.26537
0.059971 -0.10958
0.78157 0.079417
-0.45157 0.11613
-0.42908 -0.27658
0.40094 0.14281
-0.10667 -0.1243
0.050755 -0.60195
