1.7786 2.395
2.4811 -1.6327
0.91781 -2.9557
-2.6464 -1.0027
-2.8696 -1.0537
2.8441 -1.4619
-0.97124 3.0043
-2.77 -0.53715
-0.75027 2.9811
-2.4823 -1.8367
-0.57416 -3.0709
2.0755 -2.4322
-3.1743 -0.24803
1.5635 2.4864
-2.7357 0.72856
1.8014 1.8978
2.6665 1.5612
0.31584 -2.8396
-2.5829 1.8628
1.1846 2.9353
-1.6257 2.6719
3.1139 -0.17114
-2.5531 -0.71223
2.9871 -0.80123
-1.4762 -2.6507
2.3833 -2.1336
-0.77112 -2.5195
-2.6013 -0.1754
-2.3748 -1.1837
-0.97832 2.411
1.6345 2.0399
0.36669 2.6387
2.2402 -1.7587
-2.5772 -1.3549
1.9524 -2.402
-2.9054 0.31449
2.963 -1.0037
0.24259 3.0747
1.5337 2.6158
-2.6252 0.60344
1.7881 -2.3876
2.8181 -0.12059
-3.1621 0.21755
-0.7894 -2.8636
-2.2591 -1.6079
-2.999 0.023158
-2.7303 0.87002
-2.3417 1.2276
-2.382 -1.2264
-3.0695 0.47924
1.2726 -2.9177
-3.0344 -1.0021
-2.3796 -1.5318
2.664 -1.2985
-2.4873 -1.9686
2.4977 -1.1422
0.35146 2.9235
1.5445 2.6802
-2.5282 0.6766
-2.9766 0.63434
-2.5905 1.193
-2.4114 1.7129
-2.4956 1.9653
2.894 -1.1209
1.307 2.582
-2.3901 1.1952
0.43647 -3.0884
-2.6072 -0.68473
0.11841 -3.0026
2.0298 -1.7675
2.9122 0.4386
1.9995 2.1394
2.6227 0.51122
-0.45057 -3.0466
-0.97524 3.0004
-2.8519 -1.0887
2.9524 -1.0941
-2.7381 1.5941
-2.0062 -1.7023
2.4066 1.775
-2.212 1.8603
3.0246 -0.56734
-2.4585 -0.92824
2.8155 -1.1402
-3.111 -0.15474
-1.1322 2.6814
0.10057 -2.8737
-2.0438 -1.9699
-1.7152 -2.5269
2.5777 0.84467
-2.7814 -1.1045
0.24697 3.0453
-2.772 1.2989
-2.8748 -1.2079
-2.1028 2.0894
1.0755 -2.5678
-1.4423 -2.4007
-2.6997 1.1822
0.46231 -2.9737
-1.4199 -2.6974
2.3498 -1.4652
0.51892 2.7188
2.9592 0.50052
-0.29179 3.0466
0.43986 2.8087
0.25699 3.0715
-0.39409 2.8783
2.5891 0.50672
0.06572 -3.0897
2.411 1.7447
2.2459 -1.7658
0.96814 -2.6848
-2.4174 -1.7445
0.85064 2.8683
0.72435 2.9348
2.73 0.88432
2.391 -1.9817
2.3997 -1.0853
-2.4107 -1.7723
-1.6767 2.2946
-1.9725 -2.3809
-2.3663 1.3475
-2.0857 -1.7242
-2.7503 -1.0935
2.996 0.8555
-0.35831 2.9593
2.1519 -1.7267
2.4986 -1.4434
-2.2202 1.8211
2.9869 -0.3986
0.35225 2.8604
1.9288 -1.9246
-2.1926 1.6861
2.9912 0.56747
1.8133 2.2061
-2.3166 -2.1341
2.7164 0.60568
-2.6568 0.43057
2.4142 1.4454
2.7585 1.1757
0.93602 2.8497
-1.5276 -2.2139
2.5941 1.3387
-2.4403 2.0181
0.16584 2.9691
-2.7396 -1.1593
-0.34234 -2.643
0.20136 2.713
-2.2993 -1.5427
-0.011927 3.1095
0.83417 -2.688
2.742 -1.5016
-2.8356 0.83248
-2.3578 1.6146
-2.2434 -1.388
-2.5302 1.4384
-2.096 2.0776
-2.7431 -0.41256
1.1042 2.3693
1.0133 2.9531
1.5721 -2.4571
-0.30327 -2.8158
2.8762 -0.76873
-1.2805 -2.7325
2.6602 0.19288
3.009 -0.12778
3.1415 0.13244
-0.41879 -2.9157
-1.8315 2.4251
-0.46917 -2.7128
2.7789 -0.60851
-0.10513 3.0601
1.4512 2.8068
-2.637 1.3193
1.5356 2.5913
-0.4917 2.7246
-2.7391 -1.3874
2.6781 -1.5161
0.62094 -2.647
-1.5934 2.7375
-2.5156 -1.3453
0.43454 -2.8548
-2.6413 0.11627
2.9274 0.30369
-2.6093 0.3871
1.1886 2.7657
2.5623 1.788
1.7025 -2.0764
-2.2216 -1.8382
-2.699 -0.004844
2.8606 0.044038
-1.0048 2.9803
-2.1026 2.3329
2.9424 0.50499
-2.5329 -1.8774
2.0468 2.3605
2.6869 -1.6056
-1.1795 2.8101
-2.7676 -0.77741
2.4411 0.89605
-3.0853 -0.18846
1.4645 -2.6036
-0.32873 3.0485
2.4048 -1.047
-2.8761 0.2068
0.83208 -3.0642
2.9749 0.27716
-2.6065 -1.2485
1.0539 -2.7404
1.2032 2.4642
-2.5649 1.237
1.6079 2.7386
1.0104 -2.7183
-2.4467 0.92653
1.4679 2.442
-2.9777 -0.81292
-1.1471 2.8484
-2.9232 -0.76644
2.1435 2.094
2.5854 1.228
2.6834 1.4241
-1.594 -2.334
-2.1862 1.4573
-0.28683 2.7819
2.1954 2.2063
-1.4524 2.5378
2.0225 -2.2552
2.6413 1.0279
1.8509 2.0623
-1.6736 2.0396
1.6712 2.7185
-3.0533 -0.72352
2.9298 0.6102
3.0274 0.037629
-0.75973 -2.7761
-2.7261 1.2209
-2.5391 -1.3313
-1.6641 -2.4989
3.0211 0.23122
-1.7088 -2.4189
-0.5641 2.7695
2.7094 -0.79771
1.5113 2.1451
1.1641 2.3643
2.7037 -0.35302
2.0987 1.967
-2.7364 0.92861
1.911 -2.4872
1.375 2.2578
-0.86442 -2.8408
2.7241 -0.54329
2.2614 1.4838
1.6706 2.0716
-2.0912 -1.6824
1.5301 -2.2094
-2.6726 -1.7433
2.4167 1.9155
-1.1417 -2.681
-2.6373 -0.000665
-1.4066 2.3223
-2.9799 0.32554
-2.8326 1.2391
-2.8073 0.85638
1.5902 2.2171
1.5992 2.7247
-2.5424 0.72789
1.2623 -2.6095
-2.5225 1.3477
1.9299 2.2109
1.3257 2.3419
2.9463 0.14586
-2.7042 0.74457
2.3623 1.4626
-1.853 2.1932
-0.25329 2.8213
-2.4452 1.4117
0.86954 -2.967
-1.8541 -1.8869
0.11406 2.7937
-2.2565 -1.3471
-2.4605 0.85556
2.4702 -1.4252
-3.039 -0.071924
1.8934 -1.8444
-3.0218 0.58186
1.9771 1.9225
-0.7957 -2.69
-0.53331 2.9909
2.1154 2.2786
-0.3754 2.7031
-2.8108 -0.71962
0.93901 -2.9682
0.89768 2.5153
2.1946 1.8457
-1.0059 2.6272
-1.6348 -2.722
-2.967 1.1766
-3.1504 0.041595
-1.1157 -2.6899
-2.3833 1.4932
2.3783 1.6038
-2.2906 -1.3005
-0.79287 -2.8445
2.6915 1.0729
-1.87 -2.391
-2.5535 -1.1484
-2.6495 1.7939
-0.61013 2.8412
-1.9555 2.09
2.6388 -0.63438
-2.5173 -1.3136
0.68242 -2.8242
3.0228 0.84333
2.8063 -1.4309
-2.1676 -2.347
-2.8941 -1.2384
-1.3784 -2.371
-1.5344 -2.176
0.65037 -2.6546
0.076148 -3.155
2.5203 -1.4097
-0.3934 -3.024
-2.706 0.54341
-0.72753 2.664
-2.6404 -1.0183
-2.9393 0.98906
-2.8569 0.46529
1.6117 -2.2538
2.2839 2.1155
-1.6475 2.2871
-2.6827 -1.6305
-1.7831 -2.5061
-2.2198 1.6009
1.303 2.3121
-1.3154 -2.5476
2.3714 -1.323
-1.5644 -2.1018
2.2086 -1.776
-2.1939 -1.7467
-2.812 -1.117
2.8975 0.77003
-1.8827 -2.4506
-2.3869 -1.1647
2.8839 -0.22659
2.0944 1.7865
1.9052 -2.1766
1.1097 -2.6498
0.9446 3.0347
-2.311 -1.9344
2.7779 -1.0496
1.6012 -2.1189
-0.15785 -2.7473
2.5398 1.0281
2.4715 1.1645
0.41131 3.0911
0.96754 3.0451
1.5413 -2.1726
-0.80802 -2.7785
2.8305 1.2577
-2.8474 0.86138
3.1076 -0.57839
-1.9996 1.9102
3.0528 -0.069593
-0.64019 2.7674
3.055 0.73716
2.7705 -1.3188
1.8764 -1.8882
-1.0204 -2.4773
2.4159 1.2767
2.7648 1.3887
2.5353 -0.73789
2.1469 2.3571
2.6367 1.5511
-2.4448 -1.8872
2.8078 -0.037127
-0.21634 -2.6972
0.79475 -2.7907
-1.1012 -2.4149
-1.2062 -2.9563
-2.6242 -0.24517
2.0749 -1.6081
1.8649 -1.8624
0.83645 -2.6912
2.6043 1.5824
-1.7759 2.1788
0.66567 -2.6203
-1.8934 -2.4699
-2.6059 -1.8312
-1.8885 1.7903
0.55814 -2.546
-1.9626 -1.8291
2.9302 0.22356
-0.69683 -2.7318
1.9025 -2.3988
2.9314 0.65389
1.3831 -2.4185
-1.9729 -1.7
2.5967 1.6579
-1.4675 2.5637
1.1714 2.7285
