27.158 -3.185
24.951 8.3648
28.547 -1.5998
38.885 0.055485
29.148 -2.7135
31.534 0.19296
22.037 8.2889
33.847 -0.47274
28.197 -0.74518
39.572 -6.3087
32.192 0.90138
21.528 5.1064
34.751 -0.52561
31.023 -2.1267
30.18 2.0064
39.736 -9.3901
24.169 0.20455
24.994 3.1166
27.939 4.9396
38.292 -7.91
31.509 1.2267
26.933 -3.1848
32.317 -1.0613
29.462 -0.60329
33.681 -6.8328
30.341 -0.98649
30.152 0.0029744
29.646 -1.7765
29.559 4.3289
30.775 -1.958
37.132 -5.1349
30.527 -0.94562
29.399 -2.1092
35.651 -7.8581
24.314 12.432
25.595 0.75146
26.376 4.0311
44.203 -11.485
27.518 -0.31982
28.773 2.4849
39.329 -5.0632
27.519 -0.49877
25.797 2.5186
22.241 4.4606
29.93 3.4403
27.472 0.98999
30.507 -0.39646
27.182 0.74793
26.673 0.75061
36.516 -6.2558
28.912 3.3621
32.44 0.76351
27.922 -0.56417
28.227 -0.52814
28.944 -0.090369
33.945 -4.4157
26.872 -3.6605
33.014 -2.676
38.035 -2.151
25.52 6.803
32.172 -0.42041
30.065 -0.12225
21.606 4.8647
35.989 -4.8961
40.591 -8.0239
25.941 1.659
36.573 -7.2654
32.956 -4.8601
36.17 -3.9496
38.69 -6.3094
35.217 -5.6023
24.384 7.7789
32.532 -4.14
27.668 5.5731
28.556 0.6695
25.805 0.24381
35.916 -0.84465
35.161 -4.1985
29.261 0.63328
24.641 3.5652
30.85 -1.2712
34.968 -8.6784
21.965 7.7942
34.54 -5.9542
26.049 3.1115
24.406 6.0986
22.574 3.544
37.438 -6.583
30.307 -2.1857
26.171 0.35023
37.572 -5.8465
33.107 -3.838
32.716 -3.4533
25.257 5.1298
31.735 0.014872
23.888 4.4055
42.434 -9.6581
28.101 5.5439
26.626 1.8765
35.237 -3.0696
30.139 -2.7567
27.132 -0.17513
24.944 2.8552
28.932 0.51847
30.16 -1.0653
25.425 6.5734
27.923 -3.2215
41.563 -8.4231
23.959 9.3039
41.17 -12.654
30.97 -2.3396
40.589 -15.973
28.6 0.20683
33.419 -7.8371
29.31 1.7807
25.27 4.9359
31.936 -1.6417
28.491 -0.1317
25.226 6.0893
39.817 -7.5927
29.843 -4.1336
32.643 -5.3287
26.984 2.8889
32.879 -5.8442
27.313 -1.0051
30.664 -2.3037
30.951 0.27287
28.979 -3.039
38.011 -7.1197
28.369 4.2505
26.872 3.1722
37.722 -9.1723
34.287 -5.9054
30.434 -1.7308
22.744 3.9211
17.244 7.4501
28.86 -2.1662
29.565 -0.027364
38.233 -6.1093
27.383 2.6259
42.199 -10.07
32.881 -2.1737
20.262 5.3033
32.728 -6.2235
22.081 5.5774
38.167 -5.7608
29.707 -1.7768
29.507 -0.74563
29.325 -1.6609
31.663 -4.3511
36.374 -1.6114
29.387 2.8458
31.27 0.7638
27.736 1.4578
35.695 -0.7549
38.63 -5.654
24.86 1.7664
30.818 -2.879
28.72 0.79564
29.595 -0.53322
28.856 5.8605
37.964 -5.4253
34.1 -1.4171
40.741 -10.058
23.442 2.0273
26.959 1.7352
26.643 4.5535
29.569 0.4513
19.833 10.825
33.678 -0.63577
29.236 2.0541
32.992 -0.46347
33.92 -3.0676
27.57 4.7089
35.992 -7.2835
23.668 7.6839
35.772 -2.9968
22.272 6.1175
35.16 -1.2701
26.619 6.6119
24.481 3.2932
24.072 6.4269
32.953 -2.8039
29.091 1.265
30.576 1.3089
30.235 1.4274
25.792 5.0158
31.883 -0.98543
26.268 5.5416
24.943 8.531
33.401 -0.079301
33.97 -0.54601
27.167 5.2062
30.249 0.42633
34.443 -0.56112
26.947 6.9359
26.371 2.8053
27.665 2.3576
22.96 5.3183
26.944 0.42585
40.505 -10.04
36.13 -7.4578
27.908 6.1976
30.495 -1.2157
25.889 4.3153
34.322 -5.574
28.619 2.2874
28.738 1.8465
35.65 -4.9193
29.746 0.71105
31.878 1.3997
37.302 -6.3837
35.876 0.84923
28.285 0.82383
28.443 -1.8858
29.802 -2.0188
28.689 0.92646
28.204 1.5496
33.696 -2.0724
33.565 -1.504
29.455 1.6693
21.659 2.5328
27.336 2.816
29.775 -3.0364
28.188 4.7042
37.561 -5.2423
28.899 0.34832
27.422 -0.53504
26.809 5.0585
27.107 1.3577
23.595 2.6739
27.422 6.9176
27.428 3.705
33.593 -6.4724
34.12 -3.4514
26.718 3.3901
30.307 -5.6356
31.29 -0.43116
31.843 -0.30233
21.319 8.3885
34.331 -3.5543
32.181 -0.63408
20.634 6.3035
20.449 6.6961
28.655 -1.0884
30.03 -1.3844
29.818 2.5203
23.287 5.9634
22.303 3.6067
25.112 1.8976
