16.275 -0.092887
9.2458 -10.069
9.3746 -11.094
14.493 -4.2406
19.383 -2.0048
7.6778 -13.117
22.034 0.86698
19.631 -3.303
23.758 2.8119
10.756 -8.027
13.154 -7.4161
18.296 -3.2843
7.2289 -12.932
16.643 -5.8928
14.988 -9.1595
16.609 -1.9712
11.03 -6.6181
28.521 13.595
7.2816 -11.521
19.196 0.62668
21.608 0.057714
26.063 7.9314
13.162 -4.7709
9.6852 -11.111
14.701 -4.0559
7.5223 -13.699
9.1797 -10.393
17.748 -3.753
20.203 -2.7479
19.354 -0.34133
16.951 -2.0687
8.7434 -12.111
11.692 -9.2579
22.021 1.3573
20.336 2.7019
15.792 -5.4676
15.06 -4.7399
14.262 -5.1399
9.8764 -8.9676
20.142 -0.26495
9.0198 -11.108
9.6684 -9.985
17.264 -4.1768
18.634 -0.36886
8.1675 -13.365
20.559 1.7785
13.997 -3.825
20.09 -0.43455
15.458 -2.4564
17.741 -3.3051
15.612 -2.3879
15.401 -4.2097
11.148 -9.2451
19.904 -2.689
17.07 -2.0168
16.957 -2.2541
19.453 2.0583
8.8263 -11.463
15.5 -2.3142
24.764 1.3364
19.582 -0.28108
15.918 -6.673
15.622 -4.8219
17.599 -4.2256
16.77 -3.4094
18.564 -2.298
22.386 2.2225
14.315 -3.9746
16.622 -4.4181
12.291 -9.075
14.181 -5.9604
15.862 -5.773
10.692 -8.7663
11.768 -8.5866
15.484 -2.194
16.044 0.19954
13.486 -4.6519
20.667 -1.4617
19.321 -3.2312
17.61 0.080789
12.781 -6.481
19.231 -0.90667
8.1334 -11.492
17.968 0.6033
21.431 1.4872
13.718 -6.8089
30.8 7.1709
2.3146 -16.833
11.044 -5.6701
20.297 -0.4695
15.637 -1.3062
14.668 -2.6476
16.13 -4.3823
13.875 -8.0493
9.1606 -12.561
18.223 -0.46365
25.291 2.182
24.594 4.1219
9.1693 -10.902
14.326 -6.4996
15.247 -6.2663
3.2426 -17.061
10.026 -6.9267
19.403 -1.059
18.992 -0.5358
13.424 -4.9579
19.651 -0.48678
16.82 -3.7025
16.931 -2.3792
12.492 -7.5002
18.412 -2.589
17.714 -2.532
10.345 -11.629
21.087 1.3875
11.885 -8.3993
25.038 4.5983
13.762 -4.2992
17.976 -1.6274
13.946 -3.7434
20.104 -0.6229
15.02 -4.1397
27.97 6.6499
17.926 0.83678
13.987 -2.2987
15.112 -6.9454
13.61 -5.6536
7.813 -8.8966
16.785 -4.3139
15.894 -4.1599
22.09 1.528
17.79 -0.71814
13.107 -7.6921
16.337 -5.0473
17.556 -0.45091
19.327 -1.2402
23.973 4.3984
18.093 -1.1704
22.188 2.5175
27.922 6.7971
13.281 -7.0328
17.45 -2.8678
10.413 -7.9676
18.556 0.65991
12.361 -5.5859
16.22 -5.1189
14.458 -7.4368
14.647 -7.7553
13.066 -8.1704
13.259 -6.9945
18.082 -5.363
16.759 -1.7019
23.82 3.8879
12.365 -10.685
18.937 -2.5174
16.615 -3.3441
9.1047 -11.114
11.727 -5.9374
17.86 -0.89888
15.262 -3.4874
14.597 -5.1163
16.057 -3.9034
14.779 -3.9597
20.199 0.40476
11.682 -10.526
19.861 -1.5561
22.605 4.0732
15.187 -6.6647
11.869 -7.02
20.946 3.5072
21.544 0.65949
26.745 7.1528
20.627 -0.84602
15.905 -5.1094
18.955 -0.32744
18.762 -1.0568
18.641 0.31637
15.75 -3.782
13.614 -10.719
20.937 1.4883
21.672 1.1458
14.332 -5.5338
12.636 -5.7638
9.1605 -11.385
15.271 -5.0897
26.873 6.0614
13.279 -6.8708
19.611 2.2139
17.63 -2.884
5.0755 -13.664
17.499 -2.4356
17.959 -3.3151
16.648 -4.4361
20.361 0.79793
18.41 1.8864
8.0703 -12.997
15.157 -6.3116
25.989 5.3367
23.04 2.1216
15.533 -5.0951
20.823 0.72572
16.396 -3.9194
20.883 -1.2899
14.285 -5.8221
11.366 -7.1287
20.488 -0.41447
17.816 -2.6414
23.182 5.4074
14.315 -4.7498
14.309 -6.8861
19.537 0.92307
18.496 -3.3991
16.742 -1.6801
16.991 -0.91187
15.064 -4.0914
12.527 -5.1513
15.603 -3.5482
11.911 -8.1219
20.456 -0.20068
10.234 -8.9817
19.355 -1.1758
18.174 -3.7362
15.947 -4.0396
11.618 -8.6636
17.435 -0.44392
15.717 -4.6281
19.594 -0.019053
26.191 4.3618
18.358 -1.393
12.754 -6.7297
12.7 -6.6143
15.016 -5.3721
16.984 -2.5845
18.204 -2.2743
18.046 -1.6756
13.18 -6.5144
23.447 3.7255
5.9203 -14.1
22.319 3.3872
22.471 2.841
17.922 -2.0597
14.826 -5.547
12.863 -8.1594
14.855 -8.1384
14.214 -5.2686
14.172 -5.7899
16.083 -3.8401
13.542 -6.0956
27.136 9.1149
7.4892 -11.523
21.395 0.68683
