15.111 -14.322
18.053 -20.045
9.9517 -8.3697
20.606 -19.07
22.295 -20.763
10.142 -11.23
19.846 -19.628
12.145 -12.223
14.831 -17.091
16.191 -16.023
14.795 -13.687
15.829 -14.61
9.4071 -9.0609
14.247 -14.207
18.389 -20.441
14.596 -14.651
11.678 -12.012
17.43 -17.566
12.14 -11.463
12.373 -13.403
9.0856 -10.245
19.017 -19.21
19.76 -21.418
13.877 -14.633
15.965 -17.827
12.239 -13.949
14.157 -13.566
16.456 -16.332
13.954 -13.17
11.875 -12.302
14.006 -12.043
11.944 -13.885
12.053 -11.573
17.614 -17.382
11.644 -12.843
5.8638 -8.1984
10.915 -13.451
13.033 -11.775
18.073 -17.553
17.19 -19.012
20.469 -20.094
20.486 -20.235
12.72 -14.38
13.426 -12.955
14.94 -13.875
19.12 -20.282
12.622 -11.818
13.482 -14.358
16.357 -14.566
15.009 -16.432
16.601 -15.2
18.152 -17.733
10.981 -10.274
8.944 -9.3716
16.882 -15.361
15.051 -15.155
6.3233 -6.5561
9.4796 -9.8758
18.904 -18.952
14.905 -15.243
15.29 -14.68
10.28 -9.9826
10.179 -12.281
15.362 -13.577
15.858 -15.149
15.116 -13.333
17.245 -17.321
17.687 -20.317
11.634 -11.399
22.487 -21.165
19.71 -17.445
17.405 -18.544
14.491 -14.282
18.038 -17.99
19.223 -17.913
20.023 -20.273
15.817 -15.995
19.149 -18.524
21.69 -21.853
16.514 -13.388
12.191 -13.002
10.191 -10.738
11.19 -10.564
18.318 -19.564
17.982 -16.782
18.747 -18.689
11.425 -10.387
18.472 -19.762
14.726 -15.403
12.219 -11.267
10.012 -10.27
12.087 -15.808
14.973 -15.524
11.34 -10.65
9.8285 -8.4357
9.3897 -10.388
13.501 -15.102
16.281 -15.835
13.278 -13.906
10.904 -10.471
19.083 -15.334
11.122 -12.948
15.363 -15.373
18.761 -19.858
16.291 -14.97
13.475 -14.2
14.608 -14.286
10.652 -12.04
15.642 -16.204
12.357 -14.044
15.576 -16.079
13.857 -15.048
12.203 -12.619
19.793 -21.53
10.561 -12.654
14.596 -14.013
16.629 -15.073
15.174 -13.144
13.662 -12.286
19.228 -18.115
11.278 -11.221
13.975 -12.944
14.899 -13.864
10.728 -11.003
18.846 -17.746
14.084 -12.913
11.194 -11.301
10.997 -12.081
16.149 -16.441
12.35 -11.007
15.541 -16.71
11.526 -10.086
12.758 -11.76
10.945 -11.183
11.966 -12.863
11.189 -12.833
13.22 -13.705
21.407 -19.642
15.596 -12.53
7.5674 -9.1989
11.329 -13.97
17.278 -16.75
12.303 -12.39
10.961 -12.695
5.1888 -6.2535
18.857 -17.912
12.733 -15.428
17.483 -19.104
13.721 -14.491
11.747 -12.385
19.902 -17.652
15.059 -14.155
16.97 -18.813
11.137 -11.882
14.834 -15.777
15.62 -17.305
16.571 -15.081
18.921 -16.108
16.286 -17.423
17.979 -17.243
20.732 -18.687
13.693 -11.971
16.295 -14.599
12.482 -12.021
16.074 -15.687
14.904 -14.575
17.578 -16.56
17.891 -19.29
17.753 -17.807
13.44 -14.214
8.473 -8.9185
12.292 -15.947
11.712 -14.145
7.937 -10.07
16.475 -13.081
15.573 -14.97
16.632 -18.533
21.964 -20.369
16.624 -14.778
13.054 -15.245
8.9844 -9.5441
22.483 -21.056
16.015 -17.959
12.638 -13.971
20.541 -18.6
14.889 -14.005
7.1898 -8.302
10.86 -11.341
17.003 -15.968
13.267 -13.363
8.7006 -11.297
14.226 -15.661
17.388 -17.3
9.923 -8.8194
8.1535 -8.3447
13.017 -13.202
20.915 -22.23
13.31 -13.604
14.826 -13.339
17.492 -17.429
17.562 -16.813
17.97 -18.904
19.674 -18.368
15.792 -15.416
13.166 -11.822
13.841 -13.531
15.724 -14.002
12.262 -13.974
16.352 -15.941
15.396 -12.277
17.317 -16.664
17.594 -15.722
14.85 -14.979
15.286 -15.054
15.288 -15.516
11.414 -9.2055
21.499 -19.816
19.146 -20.145
11.077 -13.547
14.416 -12.27
20.446 -19.489
10.228 -11.339
5.8872 -7.4573
18.46 -18.562
9.0681 -9.5272
18.208 -19.472
15.173 -14.005
17.837 -15.862
18.088 -18.291
18.464 -18.677
26.346 -25.414
9.5011 -10.941
13.034 -14.586
14.281 -15.298
18.004 -18.36
19.167 -18.27
12.611 -13.508
19.256 -18.193
12.928 -14.192
17.997 -18.595
18.085 -16.779
10.444 -7.9858
14.733 -13.864
6.1629 -6.5047
24.746 -22.093
17.806 -16.483
16.094 -14.943
12.155 -12.579
21.606 -19.927
8.9773 -9.8403
