-7.6019 15.531
-7.4569 14.866
-6.8481 15.916
-10.225 12.702
-6.7903 16.52
-8.3193 15.336
-10.725 15.195
-10.766 11.689
-8.7272 12.638
-9.4285 13.749
-7.7125 16.254
-10.32 13.385
-10.122 12.682
-8.8824 11.581
-8.7691 14.26
-8.3564 13.037
-7.2411 15.811
-10.234 13.42
-8.7992 12.867
-7.9398 15.585
-6.5565 16.495
-9.1947 13.185
-8.9914 15.496
-7.2425 16.235
-12.274 11.719
-13.914 9.0604
-7.0918 17.308
-10.453 13.066
-8.0392 14.077
-11.284 12.335
-6.7313 12.318
-10.02 11.002
-2.7181 19.015
-6.0984 15.715
-12.994 11.061
-5.5362 18.544
-9.0842 13.804
-9.7737 9.7018
-9.8102 13.496
-9.4038 14.742
-11.838 10.796
-9.1397 13.909
-7.3744 14.062
-8.2107 14.737
-7.826 14.485
-6.6394 15.369
-7.4304 14.992
-10.922 14.875
-7.3951 16.916
-8.0071 14.165
-7.7314 16.086
-8.4449 14.45
-11.223 12.768
-7.6052 13.79
-12.397 11.347
-8.789 12.864
-9.198 16.629
-9.3575 11.053
-7.2718 15.748
-6.279 14.848
-8.5636 15.137
-8.1534 15.297
-6.632 15.976
-7.0237 15.725
-11.513 12.319
-6.8679 15.36
-9.0944 14.76
-5.0411 14.652
-10.712 14.483
-6.1134 17.109
-10.05 13.877
-11.103 13.385
-8.5599 15.633
-8.8773 12.787
-13.246 14.286
-8.3129 12.461
-10.281 16.227
-7.7476 16.766
-11.327 14.15
-8.2877 12.255
-6.0889 15.427
-8.2849 14.919
-8.346 15.053
-6.8679 15.707
-9.9307 14.096
-10.301 14.981
-12.992 10.801
-9.4445 14.146
-6.9102 15.025
-8.3038 16.098
-7.451 13.279
-11.135 12.331
-8.3821 15.063
-6.4467 14.326
-7.8751 15.011
-11.102 11.496
-9.5419 11.648
-6.4445 15.427
-6.2328 17.813
-5.7108 14.552
-9.6791 12.124
-7.1029 15.36
-8.0754 15.513
-8.0271 15.768
-6.6585 17.071
-6.0494 17.346
-10.71 12.364
-7.737 16.396
-8.9485 11.756
-10.058 13.944
-10.293 13
-12.782 11.827
-9.5761 13.159
-7.3583 15.358
-10.764 16.143
-11.152 11.938
-9.1434 14.669
-9.1826 13.987
-6.8631 15.918
-9.2604 13.409
-9.0902 13.565
-7.5027 13.184
-11.9 12.377
-7.7156 15.02
-7.5515 15.895
-7.4457 13.196
-8.1103 13.065
-8.7289 16.215
-7.1409 17.072
-10.62 12.528
-8.9278 15.594
-11.84 12.377
-7.4757 15.563
-8.4174 14.191
-7.7658 14.5
-5.7149 15.261
-10.696 13.682
-6.6196 15.664
-6.9754 15.362
-6.9958 16.407
-9.738 13.871
-7.8853 15.847
-9.5734 13.664
-10.163 12.523
-8.4124 15.05
-9.3052 12.081
-8.7769 16.591
-9.9801 11.673
-10.084 15.116
-4.8334 15.225
-8.8123 13.338
-7.919 15.912
-7.3462 14.649
-10.273 13.454
-7.4799 13.96
-11.069 14.215
-6.44 17.393
-8.2362 15.045
-8.159 16.077
-11.829 11.551
-7.8921 14.77
-6.8863 16.09
-11.474 11.874
-9.6133 12.911
-10.597 9.5339
-9.3196 13.192
-6.8556 14.279
-8.7856 13.463
-9.5616 13.321
-5.7262 15.449
-10.516 14.625
-6.6869 13.627
-9.9675 12.736
-8.7585 12.584
-9.5932 14.648
-5.8168 17.447
-8.2484 13.593
-8.3345 16.848
-5.6157 17.206
-10.246 13.852
-9.6171 12.372
-11.905 11.953
-12.412 11.287
-7.7971 17.244
-7.8735 14.984
-8.1153 14.945
-10.412 14.937
-9.6038 12.469
-9.6042 15.947
-7.6829 15.211
-6.908 15.304
-9.6143 12.518
-7.7361 15.968
-7.451 15.383
-9.4584 14.993
-9.3891 13.778
-3.3375 17.728
-13.374 13.075
-9.5295 14.507
-9.3215 13.588
-8.0696 13.679
-6.2786 16.722
-7.9981 16.292
-9.0435 11.589
-9.2905 14.18
-12.167 10.963
-6.9175 14.339
-7.1409 15.362
-8.7666 15.135
-4.255 18.853
-8.6493 14.851
-7.8742 15.916
-7.4745 15.866
-6.7592 17.172
-9.9618 15.703
-9.3528 14.044
-10.167 13.34
-10.9 12.823
-9.0465 13.43
-6.3793 16.113
-10.039 15.382
-10.383 13.051
-12.217 12.086
-11.21 12.176
-9.8182 14.058
-6.9872 14.523
-5.4417 16.567
-9.4018 13.178
-9.8066 13.143
-10.159 13.744
-9.8993 11.568
-7.267 16.154
-7.3836 15.947
-10.345 14.059
-9.1833 12.3
-7.1651 14.636
-10.079 13.167
-9.2919 12.87
-11.212 12.693
-5.9794 15.206
-7.8029 16.219
-9.6215 12.61
-10.586 13.715
-9.1634 13.003
-12.505 13.512
-9.168 15.258
-13.438 11.286
-10.081 10.417
-6.1678 17.729
-10.11 12.347
