12.288 -8.9314
13.792 -10.364
12.172 -8.2364
13.348 -9.8209
18.484 -13.621
12.388 -5.4576
14.178 -10.025
12.944 -7.294
12.027 -6.1541
15.091 -8.883
14.995 -10.125
14.902 -10.612
14.391 -10.762
10.403 -5.7826
15.135 -10.606
14.378 -7.9073
14.033 -8.3019
16.354 -13.133
13.623 -7.0448
13.638 -9.3997
12.502 -8.3568
12.574 -11.33
14.395 -10.564
13.837 -11.195
12.615 -7.3746
14.737 -10.672
15.61 -9.7866
11.131 -5.3392
13.031 -9.4005
16.595 -11.344
14.523 -8.2456
18.002 -14.915
13.096 -9.6863
13.424 -8.1597
14.767 -11.029
14.953 -8.9897
12.579 -3.8229
14.804 -10.727
17.105 -12.782
15.108 -8.3464
14.866 -9.1559
13.348 -11.937
15.813 -9.4981
15.688 -11.215
9.7846 -3.8403
17.111 -9.9341
12.475 -8.2693
12.739 -6.2782
11.526 -6.167
14.851 -7.5196
12.087 -7.8027
14.364 -7.5508
15.079 -10.5
15.848 -10.456
13.677 -8.337
13.37 -9.4485
14.547 -9.8701
16.957 -10.886
13.716 -9.8344
14.592 -9.0456
13.935 -9.3736
13.848 -7.6808
12.337 -10.816
14.396 -11.034
16.483 -14.247
11.475 -5.541
13.143 -8.1753
13.211 -10.754
14.938 -12.469
17.557 -13.269
12.685 -8.1958
14.125 -9.9387
13.81 -6.8396
16.492 -13.462
12.703 -5.2269
15.368 -12.553
17.158 -11.663
12.889 -9.6168
10.847 -7.0932
14.395 -9.5712
17.382 -10.66
16.904 -12.566
13.371 -10.698
12.27 -9.5951
12.281 -8.2706
14.216 -7.9269
10.522 -6.9954
12.157 -5.7353
9.8423 -4.3364
14.05 -7.6431
13.061 -7.4331
13.821 -7.4377
16.397 -12.18
14.827 -6.5962
14.003 -12.232
16.721 -13.497
11.188 -5.4418
12.712 -6.4036
15.609 -8.7754
11.877 -5.7178
12.526 -9.3711
12.07 -7.4893
12.936 -8.7333
13.376 -8.757
12.308 -8.3011
16.22 -11.409
12.58 -9.3047
16.557 -10.183
13.213 -9.1556
15.32 -12.672
14.759 -10.659
12.886 -8.3139
14.404 -7.0229
15.11 -11.551
15.385 -11.619
12.764 -7.2497
11.016 -6.1213
17.52 -16.046
13.675 -11.583
16.413 -10.074
14.915 -14.386
11.569 -6.7692
15.057 -8.6513
14.386 -9.5794
18.838 -11.007
14.66 -8.4132
10.665 -5.6974
12.029 -7.3181
14.13 -7.8323
10.966 -6.1336
14.001 -10.443
11.559 -7.7724
12.198 -5.5712
14.251 -9.2976
13.135 -7.0129
15.157 -12.221
13.719 -7.8576
15.713 -11.702
14.583 -10.393
12.795 -9.8554
12.549 -6.7234
12.935 -3.002
15.211 -11.125
10.663 -7.7771
13.635 -7.0951
16.939 -11.265
13.665 -6.6767
15.039 -7.7955
10.94 -6.195
16.823 -8.4608
14.201 -7.3781
11.759 -6.8892
10.548 -7.5085
15.007 -9.5085
14.751 -8.9933
13.103 -6.6679
11.694 -8.5763
12.72 -8.0631
14.921 -10.168
9.6683 -6.6232
16.895 -9.7471
13.593 -6.8202
13.348 -9.9417
16.418 -13.67
14.939 -7.6758
11.142 -4.2618
12.644 -9.2065
15.517 -11.25
12.122 -7.3774
14.766 -10.211
15.874 -10.052
16.295 -11.722
16.953 -14.372
16.954 -10.699
13.116 -9.3425
16.389 -12.862
13.938 -9.1237
14.373 -7.7551
13.099 -10.837
15.265 -11.044
12.201 -3.5822
15.838 -11.034
11.04 -7.0774
14.244 -10.457
15.495 -10.483
13.879 -6.9332
13.242 -7.3083
14.615 -10.976
16.764 -9.3933
14.051 -7.3664
12.191 -6.9021
14.194 -7.208
12.771 -7.8852
16.017 -12.619
12.367 -7.2153
13.885 -8.6289
15.958 -11.968
12.401 -8.6957
12.133 -8.8816
13.895 -9.5174
16.041 -11.667
14.515 -9.7071
18.152 -14.607
14.238 -12.797
13.181 -8.3104
14.762 -8.8708
12.606 -5.966
14.447 -6.8862
17.188 -9.2546
11.655 -7.6718
14.15 -10.043
11.939 -5.5303
14.847 -13.136
13.21 -8.1536
16.834 -14.581
13.907 -9.8233
14.131 -14.13
14.379 -8.3283
15.263 -12.263
11.868 -7.4442
15.041 -8.9044
13.239 -9.6849
15.028 -11.503
15.149 -11.362
12.042 -6.0795
9.9185 -6.4652
14.065 -8.5282
15.357 -11.717
13.018 -7.2994
12.287 -7.9921
14.249 -6.5521
11.099 -5.927
12.117 -5.7007
13.226 -6.695
13.395 -8.0771
10.794 -4.8394
13.864 -9.0181
13.788 -8.7701
16.167 -10.409
13.079 -9.5098
15.282 -9.7642
14.967 -7.9847
13.138 -7.8863
12.38 -10.82
11.706 -5.1037
11.228 -4.3169
11.526 -8.5685
12.486 -9.0633
16.608 -13.738
13.056 -8.1264
