1.5587 0.91564
3.4565 -1.4606
0.31235 -0.59683
-1.1847 2.5386
-0.18218 1.0134
-0.5438 -2.3548
-0.58165 -0.87426
-3.5374 4.6386
-0.18387 -1.769
-0.053212 0.20606
0.56592 -2.2788
-3.183 0.66659
1.1294 -0.70877
-0.97265 3.9408
-1.0025 -1.2828
0.055713 -0.41055
0.49413 -1.9081
-0.91896 3.8748
1.1288 -0.099967
1.3886 -0.80716
-1.2531 0.010876
-0.82566 1.994
-0.70184 -0.26603
0.68421 -1.2469
-2.2378 1.8736
0.90948 -1.3775
3.0447 -2.5912
-1.5171 2.009
-0.44274 0.65536
0.77619 -0.53054
1.1214 2.289
0.10752 -1.0669
0.95812 0.61275
0.077253 0.17765
1.8107 0.016083
-2.1543 2.2073
2.6825 -0.97017
0.91929 -0.97537
-3.1626 3.6822
-0.10734 1.8788
-0.55157 -0.67009
-1.3112 1.2012
2.4597 -2.1167
-0.92283 1.7353
0.078732 3.2077
-1.1115 -0.43275
-0.89454 1.0131
2.6401 0.36407
0.71896 -1.1363
0.70806 1.4152
-0.64802 2.4204
-1.6456 3.3504
0.62623 -1.7211
2.5767 -2.434
-1.804 2.8804
-1.5607 1.5899
-0.50893 0.92076
-1.7113 3.6583
-0.80843 -0.82172
-1.8718 1.1931
0.39632 -1.2386
1.3473 -1.8298
4.2355 -3.5926
0.57138 2.2679
-1.4392 2.8887
0.44565 1.2977
-0.64319 0.61041
-0.71901 -0.87089
1.4677 -2.2632
-0.93922 1.1704
0.92646 -0.92927
-1.5931 1.83
1.2655 -2.5633
-2.7147 0.63581
1.0231 0.7647
-1.7306 -0.72985
0.3151 1.6146
-0.39273 0.83164
1.8879 -2.8534
-2.8431 1.2289
1.4188 -0.36465
-1.7301 -1.5519
-0.1708 -2.1256
1.642 -2.2598
2.6068 -2.4241
-0.44497 -1.0328
3.0897 -1.466
4.944 -0.92357
-0.29516 -1.2466
2.0465 -3.1051
-0.10793 -1.7451
1.048 -1.334
-0.25873 2.6078
-3.5718 1.0934
0.69721 -1.7482
0.42532 -0.16514
-1.4147 0.35675
1.0995 -1.7295
2.0071 -3.0913
2.9239 -4.2367
3.5332 -2.715
2.1391 -2.8183
-0.011994 -0.18219
-0.83522 -0.61683
0.60506 -0.73583
-2.0037 2.0867
-5.4617 3.4751
2.4076 -1.7023
-0.82534 -0.8415
-0.57399 1.7896
-1.2241 1.928
-0.86387 0.73979
1.9553 -3.0623
-1.3141 -0.9359
-0.46037 0.89752
1.9486 -0.29143
-0.13337 -0.91517
-0.65577 -0.19459
1.4958 -0.96311
-0.17596 3.1859
-1.6598 2.3912
-2.9251 -0.33225
1.3355 -0.46155
-0.15989 2.1861
-2.5959 -0.62795
0.47056 0.64721
3.4197 -2.3702
-4.9332 3.7574
1.4719 -0.26042
-3.1249 2.0106
2.2955 -2.574
-4.7256 4.0801
-0.56384 -0.22829
-2.0582 3.4698
1.8491 0.39354
2.8063 -0.87212
0.0022477 -0.023235
0.66673 -2.3719
-4.4384 4.5012
0.45563 -0.95632
-1.4637 -0.29716
0.31174 -0.26503
0.82353 2.3306
-5.3223 5.4307
-3.5139 3.7162
-0.10571 -1.3518
0.95291 -0.74409
-1.4514 1.6248
-0.57146 0.41827
1.3336 -0.23361
0.5925 3.2071
2.0902 -0.25142
3.0739 -2.6597
-1.2615 -0.20625
2.3391 -1.1176
1.8545 -1.8581
-0.70268 1.6132
0.93993 0.23807
-0.12951 -1.2328
1.6093 -2.1163
-0.19036 1.2087
0.43725 -1.3497
-1.4172 1.6044
-1.6825 3.4153
-2.5147 -0.25533
2.4461 -2.3512
2.3986 -4.183
0.00053835 -0.29346
1.0684 0.64487
0.050505 0.056119
1.4203 -4.0358
-2.1608 0.33109
-0.70284 0.10862
0.70502 -0.74633
0.48142 0.23313
-0.66317 -0.23289
-2.1775 2.5057
-0.85809 -0.31362
-1.8287 1.8202
0.61626 -0.44521
0.25023 -0.98077
1.3267 -0.48283
0.90599 0.60224
2.2516 -0.31112
-0.78429 -2.1622
-3.5488 2.9178
-3.1036 0.59417
0.28493 -1.3374
-2.2061 3.4829
0.19849 1.6121
2.448 -0.89424
-1.9483 3.7485
-0.91815 2.4416
-1.801 0.82523
2.7018 -2.7544
-1.7172 -0.010462
-2.5559 2.4996
1.11 -0.17001
-1.6499 2.8513
2.4547 -3.0662
-2.5263 0.43932
-0.43215 -0.20795
-0.93813 -1.1271
0.7278 -1.8844
1.7487 -1.3597
0.65636 0.79151
-3.0895 4.8822
1.8798 -0.53243
-0.27828 1.6763
-0.37656 0.76541
-4.5151 4.1901
-1.9981 0.55252
0.98463 0.36685
-0.296 0.32334
-0.47438 1.7537
1.3369 0.59645
-0.67506 4.2349
-1.5405 1.3547
3.5527 -3.783
1.8907 -1.841
0.12581 2.0251
1.6744 -2.3971
1.5877 -0.81347
-1.0255 -0.16539
0.57937 0.56678
0.68282 -1.3144
1.7223 -0.73709
-3.0487 4.1697
3.6005 -3.471
-2.3486 2.5826
-4.0734 2.6459
-0.091068 -1.2883
-1.0071 0.32641
0.33539 -1.0466
-1.5512 1.5617
0.6688 1.4781
1.5037 -1.1488
-2.8905 3.0629
1.2841 -0.66493
2.4169 -0.65286
1.7082 -3.7736
3.3566 -5.8166
0.51629 -0.10331
1.1276 0.52701
0.53612 -1.6086
-4.8824 3.1728
3.9115 -4.9731
1.227 -1.0929
0.11225 0.11551
-0.4646 0.7931
