12.899 14.982
12.724 9.0193
12.484 10.921
12.17 15.726
11.806 11.79
11.942 9.2118
13.766 12.266
13.769 11.88
13.267 10.959
13.558 10.928
10.97 10.557
14.017 11.703
13.11 13.409
11.528 9.2861
14.455 15.601
11.472 10.088
13.974 12.226
11.369 11.639
10.678 9.9455
12.229 7.8249
11.82 12.369
12.637 11.472
13.64 10.017
13.891 11.199
13.813 13.723
11.537 10.759
12.829 15.125
12.299 12.619
14.275 11.658
14.624 11.259
12.227 13.862
13.98 14.603
12.974 12.153
12.963 10.266
11.08 12.5
13.598 13.716
11.811 14.23
11.771 14.43
12.924 10.443
13.43 11.795
12.61 15.284
9.4274 6.7366
10.961 8.1443
13.15 12.091
12.285 8.4863
13.426 11.425
11.559 11.437
13.941 14.762
11.704 14.033
13.73 9.1373
13.216 16.549
11.064 7.4815
13.802 9.6007
14.159 16.366
11.354 10.388
13.374 13.512
12.961 8.914
11.381 7.6742
12.565 12.93
9.7586 9.2729
12.842 11.957
14.112 10.887
12.854 14.623
13.1 13.336
13.498 12.808
12.591 9.7178
12.213 12.178
11.407 9.6221
11.203 12.85
12.607 8.8058
12.241 9.9289
10.863 9.8503
12.437 7.723
13.435 10.803
13.631 11.81
12.491 10.211
14.057 15.772
12.852 10.936
10.609 6.5107
11.585 11.345
13.437 11.742
11.75 9.4566
13.044 12.836
12.783 15.92
14.293 9.5226
11.236 6.8206
11.025 9.4165
9.987 12.521
11.245 12.7
10.111 6.2693
13.236 13.69
11.165 12.171
12.853 9.4975
13.332 13.03
12.903 12.635
13.726 12.114
12.432 13.75
11.461 9.6116
12.895 12.409
13.238 10.264
11.721 10.754
13.151 8.5036
13.359 10.893
12.42 10.921
11.827 10.602
11.658 9.8764
12.941 13.118
13.396 14.139
13.459 14.011
12.603 6.7692
11.832 12.604
10.879 10.506
14.12 11.662
11.333 11.713
12.629 12.131
12.78 13.475
12.13 10.764
12.593 14.568
13.683 11.454
14.754 12.112
12.903 11.174
11.816 8.4734
13.166 13.981
11.704 12.236
13.195 8.7323
11.015 13.049
10.038 11.339
13.055 13.066
11.583 10.825
11.243 10.194
13.378 14.756
12.723 10.07
12.324 10.525
12.871 11.284
12.742 12.708
12.245 16.961
14.265 12.394
12 11.953
10.706 11.212
12.347 14.649
11.196 8.4927
12.824 12.028
13.306 13.685
13.322 9.1746
14.19 12.692
11.991 10.323
13.281 12.173
10.641 12.523
12.731 10.413
14.297 10.865
12.654 11.761
12.673 12.249
14.528 16.013
10.904 8.5273
12.795 14.961
11.546 11.903
13.672 13.275
13.874 9.918
12.614 12.592
11.499 10.654
13.02 10.76
13.052 11.713
13.471 9.0523
11.442 8.8492
11.457 12.198
12.56 11.77
11.064 5.1861
13.135 13.286
12.846 13.331
13.126 11.697
12.191 6.1272
11.942 11.122
11.841 8.0644
12.585 11.552
13.421 10.38
12.344 12.808
13.983 14.549
13.956 16.765
13.412 12.707
13.905 16.766
11.527 9.8736
12.09 9.7545
12.614 11.714
12.729 12.858
12.314 16.21
10.954 10.476
12.927 10.54
9.4928 8.3731
13.551 13.03
14.552 9.8953
14.165 13.299
13.358 10.588
11.652 14.009
12.771 10.912
13.446 12.933
12.048 9.8287
12.186 10.849
12.396 10.601
12.5 11.129
11.503 12.235
14.124 13.619
10.281 9.3776
13.717 11.05
12.404 10.136
14.378 12.501
10.192 7.3218
10.859 9.4046
13.061 10.231
12.536 7.3489
10.426 7.6497
12.675 9.2223
12.524 12.883
15.131 14.669
10.648 4.9617
13.806 12.42
11.391 11.209
11.962 12.512
10.654 6.1546
12.983 13.123
13.842 15.374
10.925 8.9548
12.806 9.4483
11.247 9.3421
12.633 5.7987
12.076 10.341
11.291 8.7834
14.216 13.759
13.076 16.117
13.552 15.286
12.869 10.792
14.549 16.247
16.17 12.467
11.492 9.0731
13.142 15.086
13.27 12.457
12.317 13.768
11.027 14.905
12.342 14.84
13.256 12.205
11.404 8.4253
14.774 15.832
12.645 12.955
12.965 10.769
14.108 12.462
13.573 14.557
14.404 14.324
14.376 12.1
12.43 7.001
13.757 12.897
10.165 11.747
