-1.0537 1.1767
-0.42919 0.30342
-1.0031 1.2392
0.20292 0.21176
0.13529 -1.0585
-1.5877 2.1086
2.5864 1.4111
-0.23601 0.58725
0.13117 1.2631
-1.2447 -0.21049
-0.2135 2.7907
-0.14871 1.4828
1.6294 1.9943
-0.9675 4.6683
-0.3744 -1.6378
0.4078 -3.1796
-0.35184 -0.015974
-0.58534 0.31038
-0.012237 -0.42243
-0.056258 1.9253
-1.4503 -5.93
-2.3567 4.3154
-0.94042 0.24848
0.81462 2.7563
-0.33941 0.51051
-0.84154 0.23243
-0.087379 -0.78916
-0.7174 -0.88851
0.64112 3.009
-0.48344 2.0051
-0.5906 1.6368
0.10624 -0.33106
-0.96234 -6.0354
0.20915 -0.012451
-0.85774 -1.9882
0.50401 -2.0073
-0.3128 2.4338
-0.30204 0.47625
-0.48544 0.49462
-1.6307 -0.073769
0.09359 -2.8325
0.61925 -1.0058
-1.3513 -4.718
-0.76437 -3.6732
-1.0865 -0.7085
-1.269 -7.1646
0.077604 -1.706
0.20025 2.0618
0.69999 -1.5929
2.0632 -1.0499
-0.21188 0.87135
0.46954 -0.092999
0.57879 -0.27398
-0.44253 0.99219
-0.34498 0.27714
0.90988 -0.97094
0.80093 4.6452
0.19906 1.4267
-0.39395 0.18343
0.50474 0.62505
-1.4079 -5.6336
1.3932 -1.9492
-1.2696 -2.2383
-0.25008 -0.7477
3.1751 -3.0233
1.2851 -3.0689
0.027409 1.7223
0.80088 -2.5158
1.2745 1.3066
1.2387 -0.66614
-2.3846 -3.1061
0.49114 0.8812
-0.50062 0.51371
-0.2945 0.1953
0.66203 3.645
1.0183 -1.4859
-0.23696 -2.5245
-0.52549 3.3027
-0.12979 -1.0536
-0.89923 -2.026
0.76022 4.1233
-1.0525 -0.78164
0.082957 -0.10102
1.8379 -2.6189
-0.58763 -2.2898
0.63185 3.5343
1.7437 -1.5856
0.31463 -3.2523
-1.3104 -3.1894
-1.2921 2.3078
-1.3186 -0.26177
-2.5741 2.8385
0.71319 2.6054
0.73176 -0.66318
-1.3701 0.40605
-0.64126 2.3017
0.11232 -2.349
-2.2717 2.3484
-0.85659 2.014
0.10516 3.5823
-0.1038 -3.9507
-1.1033 0.1198
-0.18838 3.1796
0.32418 -0.52262
-0.013689 -0.77632
0.68021 1.6781
0.27253 0.32084
0.71627 4.3689
1.8174 -1.4072
-1.8452 4.8802
1.3963 -0.299
1.2005 1.9236
-0.50849 0.57431
-0.27301 0.86799
-1.1303 0.79233
1.3074 -1.1253
-0.47039 -2.5812
-0.18492 -0.71988
0.51781 -1.8563
0.84179 1.306
0.95597 -1.6776
0.05132 -2.4392
-0.38704 -1.778
-0.39253 0.59428
-0.024291 -4.573
-0.13241 1.9349
-0.91862 0.21816
-1.3994 0.20841
-1.0684 3.5254
1.2131 4.0758
0.5683 0.3109
0.11859 2.0367
1.9071 -2.4141
-1.0413 -3.7412
0.010349 1.4353
-0.21799 1.7524
0.37053 0.51043
1.0609 0.042249
-2.0897 -1.4678
0.14274 -3.8404
-0.80143 -1.1173
0.42223 -2.434
-0.33053 -3.5992
0.1997 -2.6668
0.11607 -0.63606
-1.033 0.7209
-1.1323 1.163
0.86515 -1.0052
-0.028848 -1.1878
2.5162 -3.4418
-0.57822 -1.5134
1.3906 -1.3461
0.87566 -2.7782
-0.56632 3.3759
-0.12797 0.87157
-0.49871 -3.0525
0.42731 -0.72466
2.307 -1.8719
1.1583 3.8233
-0.30572 -0.51668
1.7395 1.4433
-1.1169 0.87141
1.8241 4.9613
1.686 -2.8492
-0.092279 5.4939
-0.014286 -3.1675
-0.88972 4.9243
0.0078285 0.51626
0.43835 0.38775
-1.6778 -3.1678
-0.057314 -0.60036
-0.26239 0.36068
-0.6629 1.6016
0.50641 2.6856
-0.60012 -4.3389
-0.70627 -5.3585
-0.32483 -0.63892
0.96444 1.2839
1.2267 4.013
0.80568 0.020487
-2.215 7.1503
0.44227 -5.9961
-1.7683 -0.4211
1.089 1.6872
0.55777 1.7736
1.7668 3.1567
0.40746 -4.166
-0.61449 -0.40525
1.1028 0.052737
0.42612 -1.3716
-0.43475 0.37326
0.74901 -0.20525
-0.50584 -1.3825
-1.0688 -1.763
0.71653 -0.99345
1.3661 -1.3245
-1.4046 -2.2376
0.50011 0.2362
-0.038842 -6.7381
1.1991 2.1122
-0.48627 -2.5965
1.6275 0.20453
0.88348 -1.1565
0.25746 -0.25718
1.5959 -2.8494
-0.95578 -1.777
1.314 -1.7877
-1.2411 -3.9294
2.9914 5.5662
0.27006 -0.58111
0.42668 -4.4102
-0.85899 2.5816
-0.93261 -2.6373
0.26621 2.0061
0.79642 -0.56184
0.48156 -0.010694
2.2029 -0.47774
-3.2222 -2.2883
-1.9934 1.2084
-0.016896 -0.53734
0.97497 -4.7467
1.5213 -0.11384
0.069345 2.6481
-0.47592 1.8725
-0.2171 -3.313
-0.093959 2.7251
0.87068 2.009
0.42099 1.5395
-2.6984 0.36513
-0.40743 -3.0418
-1.1351 0.19885
-1.1951 -1.8451
-0.63686 -0.86368
-1.5973 -3.6093
-1.0434 -5.261
-0.014217 1.6098
-0.47402 -2.1509
0.86448 4.9616
0.70893 3.8506
-0.02457 -3.3167
-2.3522 -0.94051
-0.076264 0.34083
0.41199 -0.66613
-0.75212 -1.0625
-0.098618 -0.99451
1.5166 2.6869
0.29959 -3.5126
0.089051 -5.3929
0.98013 4.8874
-1.2224 1.8739
