6.7184 -9.0513
13.752 -8.4122
11.632 -7.5448
14.246 -6.8738
10.006 -9.358
11.275 -8.1769
13.784 -7.0914
9.7383 -9.9199
10.632 -9.2308
13.071 -7.4453
13.123 -8.077
12.202 -7.1865
11.486 -8.364
11.094 -6.8322
8.6558 -9.738
9.676 -9.4996
11.526 -6.9792
13.736 -7.535
10.469 -8.0033
6.632 -7.2571
8.5243 -9.7971
8.8668 -9.9326
11.306 -8.0333
13.517 -6.866
14.334 -4.8603
9.8855 -8.8316
8.0294 -8.9322
12.554 -7.8561
12.133 -6.1016
10.506 -7.5154
6.7064 -11.499
9.8225 -7.587
12.048 -5.3954
11.339 -7.3228
8.8771 -8.7792
9.5603 -9.8696
11.645 -7.767
12.057 -6.8888
10.221 -7.8565
11.972 -7.1175
11.607 -9.7496
12.723 -6.6774
15.296 -7.2566
11.759 -10.3
12.926 -5.6794
6.8279 -10.214
8.2523 -8.3727
11.021 -8.468
9.6141 -7.2608
9.4563 -8.0475
10.257 -8.202
8.291 -8.5463
12.3 -7.5431
9.1722 -9.6495
9.4993 -8.8567
8.421 -9.2315
13.207 -6.6925
15.889 -3.4495
12.484 -8.832
14.045 -6.3244
8.3611 -9.9427
11.241 -8.7475
11.718 -6.9549
10.344 -8.5673
16.245 -5.0671
14.094 -5.5576
4.7673 -10.291
8.4616 -9.5309
6.4091 -9.5934
10.209 -8.9774
9.6063 -9.9711
9.5681 -10.313
11.612 -6.7012
6.3314 -10.637
12.863 -7.3474
12.298 -8.252
12.551 -8.1148
11.628 -6.4485
9.945 -10.137
9.7667 -7.5153
12.477 -6.1947
13.442 -8.1171
10.84 -9.4385
13.066 -8.3172
13.024 -9.3787
14.034 -8.1877
9.2697 -8.8512
12.854 -7.2511
8.2056 -10.07
9.7387 -10.264
7.2749 -8.4526
15.049 -6.0718
7.6664 -10.253
10.523 -8.7863
11.439 -6.3168
7.705 -9.6579
12.848 -7.0778
12.432 -7.7552
9.5322 -8.3242
10.27 -7.3048
10.77 -5.4841
8.3508 -10.147
14.733 -8.2768
12.406 -6.6596
11.572 -7.6786
6.0665 -9.2233
12.042 -9.3828
10.941 -9.2259
9.5799 -7.5777
7.8365 -8.2645
10.963 -9.3132
13.91 -6.6081
11.962 -7.2877
11.084 -6.1797
11.201 -6.635
7.8116 -10.173
10.133 -8.7346
9.221 -7.7859
10.798 -5.4208
13.646 -7.3658
9.4555 -9.5731
10.864 -7.9548
12.723 -6.1341
11.329 -7.8308
4.6767 -10.93
8.8881 -8.8253
10.01 -9.7827
10.749 -8.5473
0.99893 -11.789
14.892 -7.6184
11.432 -9.238
6.4526 -9.7262
11.146 -8.8562
5.6715 -7.6731
9.4099 -10.664
8.1331 -9.3647
13.83 -6.2288
14.838 -6.4194
11.345 -8.4796
10.072 -7.8841
11.364 -7.6958
8.4562 -8.6307
12.399 -7.8156
15.52 -4.4516
8.0764 -9.9594
15.579 -4.8755
10.255 -8.7047
9.9621 -7.7611
15.679 -8.7341
13.527 -6.2296
10.913 -6.3994
10.184 -9.9559
10.488 -5.6168
12.063 -7.0213
13.375 -8.1845
6.9042 -8.0173
15.017 -5.4047
12.672 -8.6976
9.4401 -8.8682
11.026 -7.5448
12.707 -6.6928
9.377 -8.8862
11.113 -7.7838
11.393 -9.1144
11.481 -8.4879
13.074 -5.5578
9.5369 -6.5105
7.5528 -10.471
14.283 -6.3322
13.775 -6.6977
10.036 -9.0567
11.623 -6.2319
8.1369 -7.706
11.47 -6.9163
10.963 -8.0193
10.252 -8.8837
8.246 -9.1229
10.331 -7.275
12.874 -7.6495
8.8013 -10.578
14.669 -7.7722
13.64 -6.9969
12.382 -8.0186
13.113 -8.7726
13.129 -7.8649
6.6669 -9.4831
11.788 -7.9904
9.2537 -7.0799
8.9837 -9.7371
12.652 -7.6946
14.364 -5.9812
8.8093 -8.2078
9.7715 -7.7943
9.9391 -8.1997
11.032 -7.1667
9.6164 -8.6171
9.4288 -9.7505
6.9944 -10.171
11.912 -8.0186
7.844 -9.5256
9.2099 -9.0204
11.757 -6.2848
14.906 -7.6932
12.611 -7.0754
10.032 -7.7699
10.352 -11.167
9.7243 -7.9876
11.366 -7.139
8.4711 -8.5948
13.44 -5.4342
8.9079 -9.8253
11.176 -6.7667
9.501 -8.9022
8.9444 -9.7513
11.33 -7.5974
12.599 -8.9079
6.7549 -10.016
13.193 -5.8458
12.755 -7.3018
14.51 -7.0239
12.449 -8.2154
13.428 -8.6836
12.717 -8.3273
11.726 -6.6411
10.497 -8.1732
7.2244 -11.296
7.7334 -10.522
11.866 -5.4339
11.249 -5.7225
12.314 -6.2491
13.489 -7.4542
13.147 -7.0414
12.561 -9.1546
8.4818 -9.4939
12.043 -8.8805
10.431 -6.6369
8.5083 -8.7725
7.4319 -8.4602
10.845 -9.1945
8.3584 -7.1013
11.844 -7.2198
10.736 -7.431
13.88 -6.5379
11.084 -7.2885
10 -8.3906
13.048 -6.7314
10.415 -8.293
9.9543 -10.589
13.873 -6.4733
9.5242 -10.267
