-1.4267 -0.14794
-1.3262 -0.021039
-0.27683 -1.3809
0.022384 -1.4657
-1.2494 -0.25897
0.45259 -1.2088
-1.1387 -0.89149
1.3907 -0.46775
-1.2941 -0.6461
-1.1831 -0.67375
1.2249 -0.46961
1.3474 -0.10799
-1.3212 -0.02705
0.32039 -1.458
1.1474 -0.57109
-1.3738 -0.005175
0.50857 -1.2247
-1.2668 -0.28681
-0.97755 -1.1252
-0.21182 -1.4347
0.74205 -0.92039
1.1362 -0.55385
-0.79786 -1.1127
-1.113 -0.74178
-0.60452 -1.1526
0.054794 -1.4414
-0.65472 -1.3223
-0.37222 -1.097
0.39861 -1.1314
-1.2956 -0.59777
1.2585 -0.80764
-0.57911 -1.183
-0.41374 -1.2977
0.12574 -1.3135
-1.3498 -0.4375
0.76088 -1.2269
1.255 -0.54663
-0.50562 -1.401
-1.3113 -0.57464
1.3722 -0.40371
0.66156 -1.3013
1.132 -0.57088
1.1184 -0.87138
0.70878 -1.0213
1.0941 -0.57811
-1.0702 -0.77875
1.1306 -0.92185
0.82225 -0.98791
1.0015 -0.64928
-0.74928 -0.98491
-1.3087 -0.53068
-0.39593 -1.3886
0.77193 -0.9719
-0.39402 -1.2614
-0.82645 -0.86062
-1.2256 -0.73086
0.72423 -1.1277
0.96864 -0.87773
-0.99289 -0.77502
-0.70186 -1.0376
0.48797 -1.2615
-0.63271 -1.0212
-1.0293 -0.73969
-0.40315 -1.3679
-1.398 -0.022069
0.96495 -1.0831
-0.87767 -0.91562
-0.50213 -1.3976
-1.2964 -0.17623
-0.8415 -1.04
-0.023063 -1.303
1.206 -0.23495
-1.4693 -0.25188
0.4179 -1.4344
0.49674 -1.3186
0.37972 -1.2288
-0.8919 -0.87413
0.5015 -1.2608
-0.94 -1.0842
1.3247 -0.36641
0.058642 -1.1612
1.3736 -0.25698
-1.2301 -0.39418
1.2116 -0.50613
-1.1757 -0.30245
1.3085 -0.33398
-0.94066 -0.78671
-1.1702 -0.21007
-0.73357 -0.97519
-1.1283 -0.58495
-0.43095 -1.3932
-1.3077 -0.49906
1.2575 -0.56911
0.5105 -1.1167
0.4608 -1.3772
0.79435 -0.99682
0.78425 -0.86431
0.9978 -0.67902
1.0854 -0.74895
-1.1243 -0.46217
1.1581 -0.36868
0.99024 -0.598
-1.2627 -0.4855
1.1499 -0.14492
-1.2118 -0.43172
0.44026 -1.1706
1.0016 -0.95079
-0.47274 -1.3855
-0.80185 -0.86201
0.76861 -0.97348
1.1751 -0.20364
-0.048294 -1.3518
1.0658 -0.97028
-1.2637 -0.52829
-0.16357 -1.1644
-0.39828 -1.4441
-1.1009 -0.92226
1.2978 -0.27411
-1.3428 -0.009041
-0.70302 -1.2346
-0.55988 -1.3784
1.3629 -0.069507
-0.51782 -1.2204
-0.89596 -0.89276
0.83405 -1.21
0.91372 -1.0255
-0.93334 -1.0828
1.2712 -0.27269
-1.139 -0.93174
-1.4761 -0.26666
0.56348 -1.1004
-1.1533 -0.90354
1.408 -0.18584
-0.32399 -1.2898
-0.52945 -1.076
-1.068 -0.70739
1.3469 -0.27547
-0.15131 -1.3157
-0.54013 -1.0942
0.4435 -1.3042
-1.0985 -0.36562
-0.096455 -1.4551
1.1058 -1.0134
-1.1485 -0.31192
-0.39204 -1.4269
-1.4509 -0.20829
-0.19738 -1.4755
-1.3115 -0.16771
-0.67823 -1.1133
0.75813 -0.88827
0.65069 -1.0874
1.1645 -0.93341
-1.298 -0.1393
-0.089002 -1.2048
-1.1773 -0.096931
-1.3771 -0.23045
-0.36923 -1.3658
-1.3314 -0.3116
1.4221 -0.21537
1.313 -0.57401
-1.3051 -0.37643
0.42475 -1.3356
-0.68306 -1.2514
1.2647 -0.50447
0.54509 -1.273
1.1583 -0.22278
-0.25015 -1.4585
-0.083196 -1.1496
0.96532 -1.0132
0.57003 -1.1751
-1.2739 -0.21111
-1.0388 -0.8954
-1.3952 -0.004612
0.42984 -1.2142
-0.87537 -0.99496
0.77374 -0.87586
-0.35603 -1.3925
0.33399 -1.3771
-0.51421 -1.096
1.3212 -0.64901
-0.34589 -1.4085
0.21829 -1.1832
-0.17414 -1.1798
0.95237 -1.1366
-0.98528 -0.62123
0.84649 -1.0975
1.0934 -0.93577
1.2041 -0.19699
-1.0302 -0.53281
-0.79464 -1.1203
-1.0367 -0.73669
0.37557 -1.4514
1.129 -0.61215
1.1958 -0.70235
-0.70485 -0.9878
0.5599 -1.2139
0.99608 -0.8809
0.61577 -1.0099
-1.0127 -0.91706
1.1215 -0.73267
-0.33702 -1.3449
1.3112 -0.69189
0.28307 -1.1327
-0.423 -1.1943
1.3547 -0.49474
-0.72295 -1.2967
0.1624 -1.1758
-0.41206 -1.0858
0.68884 -1.2251
-0.30629 -1.1845
1.3336 -0.38467
0.79257 -0.85034
1.0826 -0.40219
-0.25722 -1.1537
-0.33641 -1.4495
1.1591 -0.22322
1.4636 -0.12994
-0.7122 -0.96626
-1.3172 -0.37189
-0.37584 -1.1657
-0.18301 -1.1799
0.40895 -1.2713
-0.88667 -0.86952
-0.95793 -0.99836
0.011955 -1.2971
-1.3256 -0.28237
0.64456 -1.0439
1.2179 -0.36147
0.016155 -1.4585
1.1351 -0.22529
-1.3534 -0.091919
1.3578 -0.1886
0.57319 -1.0311
-1.358 -0.15572
-1.0881 -0.59798
0.11925 -1.23
-0.49122 -1.0489
-0.82395 -0.84777
0.56854 -1.0944
0.27267 -1.4019
-1.0204 -0.95229
0.855 -0.97798
0.6606 -1.3142
-1.1289 -0.53602
-0.14406 -1.1746
1.008 -1.0091
-0.58718 -1.1897
-0.66178 -0.97401
-0.80601 -1.1625
1.1282 -0.27945
