-0.14843 0.47074
2.4119 0.01367
-0.024423 0.048771
0.87727 1.1637
2.2242 0.15798
-0.081373 0.16992
2.1999 0.40432
-0.11458 -0.28307
2.4573 0.203
1.8964 0.76235
1.7735 0.78216
2.3588 -0.12966
1.8788 0.72415
1.8504 0.92474
2.0627 0.5476
0.46179 1.0118
1.6513 0.76868
2.4001 0.31503
1.3304 0.93837
2.3642 0.30405
0.55465 1.019
0.96277 1.1905
0.33822 0.9429
2.4245 0.16483
1.3248 1.0152
2.416 0.31593
0.1988 0.42195
1.5634 1.1024
1.0275 1.1084
1.7148 0.67862
2.3935 -0.056516
2.2413 0.63761
-0.16723 0.48116
1.061 0.88506
1.5042 1.095
0.62917 1.0317
2.3152 0.48812
1.2453 1.0741
2.553 -0.11792
1.4725 0.90193
2.2784 0.23747
1.9775 0.63568
1.9882 0.89693
-0.10569 0.009344
1.0842 1.0841
0.25013 0.8796
-0.28792 -0.22452
2.1706 0.56345
1.3891 0.93298
-0.17722 0.42822
0.38004 0.92065
0.469 1.0528
0.47028 0.89145
2.2883 0.5633
0.39423 1.0122
0.13054 0.53372
2.5497 -0.27461
0.92178 1.119
1.4889 0.96347
1.8883 0.62266
2.2346 0.5462
1.866 0.64702
2.4948 -0.13132
0.22905 0.87914
2.2438 0.018672
0.19673 0.88596
2.5351 0.00999
0.5812 0.85693
2.5233 -0.15812
2.2863 0.45034
-0.18967 0.43975
0.33773 0.67876
2.403 0.01648
-0.27954 -0.11297
2.2799 -0.059214
0.55337 0.82373
1.2311 1.0818
-0.030287 0.17771
0.23176 0.74026
2.4603 -0.023004
0.98201 0.98469
0.73901 0.90487
1.0437 1.1264
-0.052487 0.19681
-0.21751 -0.11962
0.11429 0.59666
2.3781 0.33253
2.5052 0.035893
-0.23576 -0.15705
0.50933 0.77534
1.1125 0.90071
-0.27412 0.093718
-0.11212 -0.2485
0.055826 0.6796
0.13249 0.75228
1.1877 0.95307
2.2498 0.47689
0.65037 1.1276
1.6518 0.98267
-0.16107 -0.23811
2.1941 0.15587
1.5355 0.97683
-0.05392 0.34909
0.3198 0.79536
1.513 0.89757
-0.38251 -0.25117
1.1508 0.98161
-0.052566 0.035673
2.2408 0.34182
2.4921 -0.20582
2.3949 0.18471
2.4827 -0.17952
2.2663 -0.27545
2.1513 0.61293
-0.030571 0.037696
-0.25486 -0.23195
2.1859 0.11211
0.22732 0.69038
0.1758 0.66848
1.9976 0.52469
-0.31505 0.009914
-0.17719 -0.29963
1.8867 0.60152
0.42301 0.74722
2.1442 0.27633
1.2796 1.0687
1.7395 0.78856
2.4142 -0.15263
-0.098439 0.13618
0.96088 0.99222
0.72849 1.1142
2.3226 -0.061787
2.4608 0.048882
-0.11041 -0.24428
2.3949 -0.04439
0.19212 0.43675
2.12 0.37703
2.3203 0.11151
2.3528 -0.18991
1.8117 0.78088
1.7421 0.73701
2.362 -0.048417
0.91882 0.94139
1.1194 0.87013
0.53518 0.84685
0.62815 0.90437
2.2437 0.63807
-0.30067 -0.27696
1.2919 0.84261
0.081635 0.34015
2.4128 -0.042539
1.3196 0.89478
0.13273 0.77807
2.0831 0.72353
1.5424 1.0059
2.175 0.52938
2.5909 -0.18387
0.92112 1.0609
-0.0538 0.22233
2.267 0.63753
0.96564 1.1557
1.9432 0.65427
-0.099478 0.15936
0.23093 0.49475
2.3193 -0.16774
1.8216 0.90786
-0.36566 -0.22934
-0.17286 0.050605
-0.16767 0.058921
1.0909 1.1593
0.15881 0.56531
0.46481 1.0558
0.64035 0.96926
2.478 -0.29911
1.2201 0.95629
1.14 0.96108
1.3251 0.93637
0.43722 0.8646
-0.23735 -0.24571
-0.094847 0.51218
2.217 0.27713
0.78475 0.87578
2.5665 -0.26199
2.365 0.20297
1.2511 1.181
2.2858 0.50212
1.1747 1.1861
0.133 0.81324
0.13553 0.6257
0.043377 0.65975
1.54 1.0972
2.1644 0.34167
1.5871 0.8343
1.3399 1.0763
0.76707 1.0046
0.21491 0.65104
0.000112 0.29977
2.3969 0.004648
-0.057955 0.59864
0.19361 0.83849
-0.18848 0.22795
2.5313 -0.051734
2.5289 0.080544
2.5034 -0.15002
0.96391 1.0906
1.0434 0.94956
0.58422 1.0582
2.24 0.52572
0.4512 0.66584
0.29784 0.52731
2.054 0.58347
2.2709 -0.081024
0.84774 0.92329
1.5985 1.0463
-0.016612 0.052442
0.99351 1.1752
2.4002 0.01968
0.080536 0.68863
1.6042 0.97131
2.2566 -0.12822
1.4631 1.1289
2.4036 0.02808
1.0173 0.85172
2.1078 0.26285
0.065033 0.64255
-0.004951 0.38764
2.2503 -0.27944
2.5741 -0.19267
2.1297 0.43353
1.1034 0.92031
0.06813 0.41528
1.3716 1.041
1.7793 0.66808
0.40609 0.79662
1.6509 1.0804
1.4466 0.81897
2.2265 0.10424
0.50813 1.0049
2.2494 0.098902
2.5413 -0.27968
2.2195 0.44384
1.9996 0.71139
2.3127 0.28635
-0.23771 -0.012983
1.715 0.79347
1.1365 1.1082
1.7012 1.0569
2.4613 0.18095
1.129 1.0423
2.4347 -0.29472
