0.69907 2.871
0.62494 -1.4436
2.0108 0.65462
6.473 12.512
-7.8335 -10.26
2.1547 3.3249
-7.431 -1.741
-0.39714 -2.5503
-9.92 -6.9826
2.2157 4.5286
-10.346 -8.1129
0.068186 0.67702
-10.831 -10.94
-7.1937 -7.755
0.017633 -4.9479
-3.7713 -6.2841
-4.4882 -5.1954
-0.45118 -2.239
-0.1115 1.0415
0.15199 -0.016753
2.7714 -1.4964
-6.1716 -7.2455
-6.2058 -5.3594
-4.895 -2.6711
-4.5916 -5.0825
-9.7197 -7.0827
-5.8561 -5.8987
-5.796 -0.1508
0.00013625 -3.6283
-5.4304 -7.9893
-4.3916 -8.9208
1.771 -2.2106
-12.532 -8.8066
-4.2218 -1.7031
-4.0841 -9.7157
-8.0809 -11.436
-11.784 -12.457
-10.149 -8.4337
7.503 5.6224
3.6003 2.095
-3.8487 -1.3028
5.7069 3.7121
-12.079 -8.2091
8.526 2.1508
-1.4424 -2.6724
-4.4463 -6.5028
0.79628 4.1273
-1.3697 3.8884
2.8307 5.5937
-7.3112 -7.7537
1.5179 1.4239
-12.641 -11.162
-5.6058 -6.0143
-14.405 -14.787
-2.9976 -10.939
-10.821 -11.441
-0.33626 2.8487
-1.7269 -2.683
-8.752 -9.7173
-3.665 -3.7147
-7.1209 -1.8443
-6.1881 -7.2912
-6.6615 -9.0568
-1.9947 -2.5685
-1.277 -7.5408
3.6022 2.0774
-0.52516 0.6299
-0.35159 -0.10741
3.0838 4.2674
-10.928 -11.352
-1.2874 -1.5605
-4.6089 -2.7823
-0.63665 -1.5664
2.6369 -2.1438
10.725 -0.72199
-9.9643 -9.2435
4.2376 -1.9675
-6.8557 -4.5016
-11.242 -11.429
-9.1668 -5.6609
-6.0576 -0.64018
-7.4605 -7.7747
-0.37595 -1.0743
-0.18009 0.74646
-11.926 -14.127
-4.5773 -1.721
-10.291 -9.63
-9.1682 -9.6711
-13.505 -14.147
-12.08 -3.3762
-7.5055 -8.7379
-5.0733 -5.4653
0.37617 -2.4166
5.7272 3.0132
-7.8918 -8.3865
-9.7391 -6.7597
-1.3124 0.52033
-8.2994 -5.2238
-4.8795 -1.6314
-0.51575 -3.6355
-10.534 -9.6366
-5.3782 -2.2356
-6.6552 -6.1194
-8.0424 -10.7
-8.8089 -8.3941
-5.143 -4.397
-0.065718 -0.92971
-7.5651 -8.1704
2.6023 3.0751
2.6351 2.4757
-5.3638 -4.835
-0.59392 2.0859
-9.5291 -4.9138
-4.7379 -3.1735
1.1658 3.8007
-5.1592 -8.3632
-7.9921 -12.664
-10.053 -10.991
0.70208 -0.83742
-3.6278 -3.5454
-4.8568 -3.109
-11.665 -11.105
-2.5927 -4.7157
-11.903 -14.045
-2.2088 -3.4433
-0.63135 1.7482
5.173 -0.1205
-7.6613 -6.4888
-14.493 -11.631
-9.1156 -7.9458
7.1475 6.4116
-4.8959 -3.1418
-12.019 -6.5588
-5.0511 -3.9358
-9.8169 -5.843
-5.2884 -3.4131
-8.0194 -7.1905
-1.9071 2.558
-9.752 -7.8462
-0.32153 -0.76871
-5.0788 -8.577
-0.77593 -4.2992
-7.8693 -6.1193
-8.9654 -8.79
-5.9283 -3.9298
-1.2337 2.5272
0.10987 0.80333
6.5603 4.9033
2.1279 -1.2454
-1.9273 1.164
-16.484 -16.523
-0.33434 2.3159
11.307 10.465
-2.7426 -4.6615
1.6322 0.48048
6.9296 2.1323
-6.1002 -5.1831
-7.4083 -5.8161
-9.8406 -8.68
4.9873 3.9429
-5.9005 -5.1962
-7.041 -7.268
-0.12149 -6.4967
-5.9712 -5.56
-0.48714 -0.061113
-2.7268 -5.7271
-5.3387 -7.3635
-7.9923 -10.069
-8.9023 -7.247
-11.899 -9.5964
6.856 4.1942
-10.198 -8.2531
-0.5448 -2.7146
-3.2416 -7.1366
-5.399 -2.9879
-14.064 -10.296
3.1543 3.368
-11.063 -12.643
-0.21284 -0.78633
0.1602 3.0329
-4.9181 -9.0196
-5.1569 -5.7271
9.4661 6.0707
-7.2059 -4.9554
-4.1074 -3.8132
-1.7431 -3.428
4.6561 5.4247
-2.3756 -4.2723
1.2733 -2.1085
-6.7446 -2.0522
-11.35 -10.981
-4.3053 -6.6201
-1.3024 -3.3736
6.0514 7.0356
-4.9627 -2.8625
1.72 -1.049
-15.997 -16.111
-7.0343 -6.6315
-1.1329 -3.7613
-1.2458 -4.5532
-9.1468 -13.696
-4.539 -4.7388
-2.9261 -0.28911
-0.54453 -1.3526
-1.8613 1.8548
-0.8732 -0.47586
15.353 12.41
2.6667 2.3336
0.04742 -4.6263
-3.6501 -2.9254
-10.669 -7.8142
-8.6933 -10.314
-7.5102 -7.0512
-1.5198 -4.153
-11.001 -8.2269
-1.3335 2.114
2.6833 1.7311
4.3336 -0.42786
-2.941 -4.2888
-8.0342 -4.9647
-13.667 -15.648
-2.5649 -4.8178
-0.57965 3.3825
0.36555 -1.1867
2.0771 -1.3743
3.3036 1.7152
-8.1297 -8.7367
-6.7191 -4.5745
0.98209 0.54411
-5.3153 -4.6233
-9.5367 -9.0321
-7.6579 -9.2499
-3.0785 -7.6913
-6.9186 -5.3073
-3.6086 -5.3999
-3.548 -6.3349
-9.1318 -6.4244
-9.203 -9.4384
-8.4902 -6.2495
-15.889 -16.638
-6.2329 -4.9923
-6.4529 -6.1311
-3.3483 -2.3122
-6.844 -4.2713
4.9192 8.1212
6.9561 4.806
3.6698 -0.1535
-4.4629 -5.3833
2.4428 5.9749
-9.8322 -8.4731
