0.5525 -6.7974
22.923 8.0149
11.943 4.3596
13.866 6.212
24.294 3.1592
13.42 -0.17324
13.641 4.4347
26.179 3.335
9.9977 0.75463
9.7079 1.6544
27.844 12.751
18.817 2.9863
21.396 6.2189
16.995 11.724
4.924 -0.78314
16.528 10.075
9.3137 -3.0566
17.818 4.3176
13.732 5.4047
18.697 12.649
19.588 5.6166
16.245 11.887
7.317 -0.10476
16.553 7.962
10.398 3.7281
22.692 5.7286
12.07 1.599
15.436 12.134
24.117 11.125
12.896 2.7693
25.259 12.033
7.5285 4.2766
13.152 -0.13735
10.511 5.1151
15.419 4.9673
14.089 4.2926
12.41 2.0696
24.984 13.88
11.224 2.4673
22.121 9.8628
19.519 13.24
21.944 5.8934
16.131 2.7631
15.149 -0.098012
21.503 15.005
13.749 5.0772
9.289 0.28031
10.858 3.9913
20.113 14.258
16.881 1.0383
20.735 10.09
32.853 18.439
31.461 4.2911
18.922 3.6372
19.702 5.5128
13.857 2.2816
9.6304 4.0924
15.283 0.33479
17.03 1.6205
11.628 0.91626
9.0472 3.5164
17.21 11.988
14.438 2.2661
10.158 1.913
13.43 1.7755
13.209 8.1452
5.4646 0.9494
19.547 10.411
23.487 14.964
25.565 12.185
13.723 3.1098
21.561 5.4278
6.9764 -0.80439
9.0415 0.062964
9.9961 -1.4097
13.871 0.61629
12.567 7.029
18.358 7.6876
11.132 8.1707
7.3692 0.82255
13.501 6.6517
10.52 6.8579
12.51 4.8963
11.576 0.66567
19.283 6.3992
16.782 4.5131
19.869 4.6263
5.7192 3.1188
15.902 3.2153
12.872 1.388
13.622 -0.28634
7.4532 -0.55772
22.249 11.528
13.614 5.3037
7.5318 -3.5166
10.276 0.80462
15.006 7.0923
13.301 6.2532
11.8 -1.2072
13.814 8.3865
21.913 8.5278
18.493 7.6327
14.202 3.5381
5.0167 0.66841
13.799 7.6264
11.52 3.9084
14.987 0.18098
12.335 1.0891
8.0369 -1.7197
18.053 9.4427
16.008 4.1086
16.875 14.547
16.96 3.5805
15.456 1.984
11.951 5.1676
12.812 7.5259
21.416 6.3561
20.721 4.6906
18.417 9.7684
21.075 8.3161
17.622 5.7773
8.9684 1.8865
5.6633 2.5826
22.128 9.8413
3.2539 -7.0126
11.708 5.5666
9.3714 2.2302
12.753 3.2358
13.435 1.8246
16.779 9.528
20.683 8.649
18.116 8.4823
15.503 5.4005
10.277 4.8904
12.967 -4.0405
20.482 5.1391
21.887 9.5044
5.7162 2.5053
13.022 6.6391
19.305 6.9766
8.7497 2.099
18.33 4.3875
6.1739 2.2834
21.984 9.8246
12.785 8.962
16.686 -1.7611
7.8674 -0.043008
12.381 1.5389
17.329 7.4066
14.794 3.7331
19.874 7.3398
12.113 -3.1441
27.952 8.3897
17.612 8.2078
13.854 0.51771
13.018 2.9858
10.62 8.5352
17.288 5.8536
13.321 4.0454
15.658 13.546
16.779 7.0768
13.215 8.0876
10.904 11.4
9.472 1.5108
17.121 11.729
23.044 10.542
10.22 8.7547
13.876 7.2532
16.7 3.8215
9.1712 3.1267
18.359 -3.5532
19.496 8.8392
11.4 -1.0314
11.144 -0.30436
8.1176 -1.0413
19.858 9.7165
5.2102 8.2657
13.251 7.4638
12.293 -1.6927
14.913 4.6665
3.6451 -3.3372
18.063 4.2774
16.348 4.3261
15.985 2.2162
25.098 14.543
13.147 3.7635
23.78 6.6377
20.401 3.5176
27.087 11.085
14.883 3.502
2.1169 -2.4462
15.116 9.0711
23.713 11.075
20.342 2.7764
10.929 9.8845
9.0023 0.34845
13.704 6.3258
15.08 6.1667
17.311 6.9723
15.3 5.4235
17.509 7.8482
13.862 10.87
20.221 14.969
14.515 -2.2395
18.043 6.3534
23.17 9.612
11.992 -2.3697
5.5099 2.1391
13.117 1.391
24.147 4.8393
8.7527 -4.5486
22.548 8.961
21.396 0.99645
25.331 11.338
10.678 0.80603
6.37 1.9585
14.337 8.1557
19.298 14.292
11.121 -3.3547
18.433 11.691
17.941 8.5797
17.683 14.477
12.219 2.8233
12.07 1.1617
12.478 -2.5551
10.487 2.2694
9.8269 -4.146
9.5268 1.2677
20.937 10.438
20.303 9.1787
12.96 8.806
17.68 9.4121
16.058 -0.57965
24.618 10.094
20.828 12.604
22.906 7.1709
17.742 12.052
11.802 0.00011716
18.287 11.787
20.377 12.652
9.2257 -1.705
20.386 0.82311
28.025 15.512
14.636 3.8994
14.626 3.2833
14.947 4.8535
11.067 3.6925
14.591 4.2911
8.7941 -0.66944
21.024 10.186
