9.8512 16.904
13.573 24.315
8.4207 20.111
0.21211 9.7739
10.697 18.019
4.2149 18.321
6.3846 17.11
7.7845 15.935
19.17 28.843
4.9071 17.634
8.4295 17.683
19.139 29.879
5.191 16.666
12.725 21.81
9.229 20.839
11.089 21.57
11.772 18.025
14.158 27.018
18.749 22.411
16.473 25.59
11.445 25.686
12.709 23.503
9.319 15.205
14.07 22.39
11.654 25.639
6.9251 19.696
1.0868 11.834
7.522 19.029
-0.12239 8.1685
7.5143 13.665
16.034 25.219
5.2918 18.782
15.797 24.854
7.3457 18.543
-0.84417 7.0241
13.732 21.73
23.91 31.792
10.448 21.039
1.1574 11.428
9.3771 22.336
12.449 29.402
21.912 33.148
-0.16553 9.2565
15.519 30.25
6.1627 13.689
5.6793 9.5791
8.6959 22.818
11.301 24.484
6.4057 21.027
25.343 39.301
12.122 22.254
23.699 28.985
12.058 27.329
8.5998 19
17.36 23.445
17.585 30.488
4.9284 16.019
1.8464 11.166
-1.762 5.7949
16.247 28.045
18.455 25.354
-9.4781 -1.4436
7.9144 18.487
6.205 15.578
10.332 19.307
14.045 22.82
-2.0872 8.4749
16.275 23.622
11.185 19.106
8.9604 21.029
9.0326 19.812
10.722 23.769
5.8202 16.557
9.2201 13.233
16.106 26.979
11.151 20.792
7.4853 20.018
-1.5535 12.162
12.74 22.777
5.6925 17.783
9.0617 18.34
23.225 35.105
21.152 31.288
6.5971 12.585
15.536 24.156
1.7196 11.412
5.355 19.489
4.376 19.018
17.769 29.921
4.7063 11.066
3.9672 14.65
13.179 21.422
13.195 23.382
10.656 20.025
2.2523 14.305
1.3289 8.4183
10.61 23.765
3.8206 13.257
11.207 17.793
24.898 32.502
11.321 20.276
18.791 27.464
24.631 31.699
-5.9665 6.5538
10.963 23.346
6.8544 12.887
21.268 32.119
4.0557 13.346
16.319 21.132
10.841 20.805
0.59558 16.69
11.92 27.741
12.779 24.253
1.2294 10.474
0.15549 11.525
6.0977 14.957
4.8592 14.125
7.5785 17.847
19.623 34.075
3.2875 12.515
12.8 25.427
7.1035 20.525
13.606 27.543
8.7701 18.38
17.124 26.098
9.5117 18.256
4.1395 13.928
2.7269 9.4691
3.6015 16.592
11.134 22.512
10.18 20.696
2.4851 8.5373
9.6938 19.004
-1.6617 6.7483
8.8043 20.451
13.732 20.571
20.32 28.483
7.0604 19.126
9.3556 26.619
6.2482 20.127
14.704 25.314
1.9811 18.553
10.915 22.116
4.2023 13.634
11.236 19.067
9.4964 18.916
23.038 32.157
1.3826 9.6955
13.909 22.185
9.367 15.664
10.644 23.723
3.7819 16.003
13.144 20.203
-2.4405 9.5349
4.118 12.217
10.389 22.609
15.23 22.454
8.6083 24.722
-0.75156 6.184
6.5554 16.336
14.657 27.429
16.553 25.24
23.842 37.579
12.955 27.704
15.921 23.086
18.093 31.997
11.141 22.72
4.3702 15.347
12.11 14.847
9.5092 20.445
10.062 17.544
14.049 19.389
12.283 19.93
12.303 24.785
11.667 17.619
16.071 24.617
12.131 25.115
13.895 24.256
7.3778 17.454
15.94 26.351
7.5739 18.807
16.724 25.822
10.961 21.006
15.416 22.458
11.451 18.336
2.9492 15.961
5.5784 18.387
18.86 27.737
9.6059 20.126
8.9669 19.189
14.913 25.576
13.255 18.004
7.9256 15.536
0.13448 10.99
8.7046 17.929
4.2916 15.686
11.028 19.77
10.154 18.125
16.887 30.434
18.722 30.858
16.358 24.824
24.586 35.449
8.6298 22.801
-2.6358 13.945
11.267 23.094
-3.4109 4.1792
5.9469 14.106
5.0897 16.461
-7.5393 5.6245
6.8907 15.837
12.856 24.507
11.386 23.832
9.1895 20.888
4.4627 10.046
11.078 23.039
6.3756 17.848
9.9634 14.712
16.964 23.678
7.8297 9.1641
19.47 27.985
0.66903 9.7319
8.7531 13.949
10.584 24.301
0.92177 13.234
24.29 35.083
16.848 20.946
18.824 31.16
20.558 31.116
23.878 30.89
10.464 23.304
26.437 46.586
2.244 13.876
-1.9029 0.069361
3.3274 15.377
5.0054 12.852
24.161 27.943
1.5975 14.23
7.1952 18.347
10.431 18.88
17.78 26.596
-2.7969 9.5976
14.612 21.702
22.412 31.468
1.2064 9.6136
12.128 20.767
10.817 25.011
12.565 29.025
7.3248 19.196
18.954 26.619
5.2153 16.248
