-8.3499 14.067
-8.9867 16.156
-6.7525 10.485
-9.1887 14.084
-7.8035 13.519
-9.5563 14.786
-11.451 15.426
-6.2931 13.12
-9.5232 15.926
-11.494 14.365
-7.8357 12.857
-8.1958 14.123
-9.8898 14.164
-5.9635 13.504
-9.2939 11.734
-12.45 15.618
-11.868 17.415
-11.642 17.161
-8.9932 15.282
-11.559 18.74
-10.142 14.322
-11.256 15.381
-7.596 9.7625
-7.9705 12.473
-7.8395 13.139
-8.278 13.535
-8.6422 13.098
-5.998 15.629
-8.7352 13.681
-10.927 17.727
-9.6375 12.224
-8.206 12.266
-11.107 14.097
-8.5594 13.106
-8.6121 9.4023
-11.082 15.683
-10.145 14.192
-12.063 17.104
-10.576 14.177
-11.548 16.775
-5.5539 9.1845
-5.8961 11.922
-11.404 17.714
-5.2747 13.819
-6.9482 12.187
-8.4308 15.958
-8.822 11.746
-6.5351 13.657
-11.053 14.219
-6.8482 10.865
-9.3942 15.578
-7.7343 12.811
-8.3599 13.614
-11.404 12.403
-10.819 16.543
-9.4886 15.193
-8.7365 13.778
-11.591 17.569
-13.363 13.263
-8.9932 14.132
-6.8913 14.446
-5.549 10.172
-8.6486 13.476
-9.0995 12.297
-6.4707 12.018
-9.8963 16.833
-2.8718 10.792
-6.3727 13.555
-9.1379 12.266
-9.6201 18.02
-10.74 15.741
-8.7686 14.596
-10.793 14.963
-10.201 12.957
-8.6578 15.023
-6.4107 11.777
-10.68 14.673
-10.138 15.633
-6.8385 11.342
-10.888 16.117
-5.7209 11.266
-11.843 15.689
-9.289 11.402
-9.9145 15.8
-10.954 15.536
-7.6466 14.411
-9.1169 13.885
-5.5972 8.9795
-7.4013 10.614
-10.576 14.286
-10.277 15.888
-7.1586 9.8476
-7.166 11.016
-7.6567 14.442
-8.9027 14.137
-7.91 13.189
-7.1832 9.9301
-5.4119 11.57
-11.2 15.267
-9.0458 15.878
-10.065 11.524
-7.9821 14.439
-7.6902 11.175
-12.259 16.348
-11.874 15.947
-13.041 14.451
-14.192 14.829
-8.3819 14.391
-13.456 18.553
-5.9395 14.602
-7.4721 14.198
-10.646 14.782
-9.6183 14.757
-9.7632 14.588
-13.246 16.797
-7.18 14.178
-11.281 12.191
-7.3457 12.382
-9.6841 15.618
-8.119 12.678
-7.5405 16.087
-9.8795 12.703
-9.1043 13.795
-6.8505 11.183
-6.727 11.766
-6.4395 11.388
-9.2984 15.397
-9.2224 13.144
-12.136 18.18
-7.4881 13.325
-10.171 16.846
-8.6517 14.651
-9.1921 14.083
-9.4609 17.23
-8.9948 13.796
-11.112 16.233
-9.973 13.4
-7.4557 13.269
-6.1613 12.435
-8.0628 10.223
-9.1931 14.17
-14.195 15.697
-9.3417 12.497
-6.6322 12.591
-8.7398 14.726
-9.0497 15.048
-8.1811 12.551
-7.0147 13.969
-4.8875 10.216
-6.0047 14.056
-8.07 12.99
-5.4859 11.775
-10.046 11.009
-9.6725 15.644
-9.0501 14.53
-8.8715 11.558
-12.467 15.761
-11.196 12.502
-9.1391 14.165
-11.003 14.149
-9.1876 15.075
-10.72 15.955
-7.9217 14.177
-7.8592 12.444
-6.4165 14.734
-9.5943 15.027
-7.9814 12.309
-9.5096 13.797
-6.6822 14.688
-9.4205 15.432
-9.7645 15.685
-11.344 15.097
-5.1219 13.651
-7.2263 16.838
-6.416 15.123
-8.2602 15.221
-6.7131 10.924
-8.9545 11.723
-12.192 18.5
-12.593 12.555
-7.3453 11.63
-8.5506 13.491
-9.4211 16.182
-9.0135 12.303
-7.2709 11.048
-3.107 10.776
-9.7821 15.569
-8.1783 12.918
-11.049 15.493
-8.4614 12.866
-8.5806 11.546
-6.0478 13.625
-10.035 13.615
-4.867 12.911
-9.1869 10.538
-10.774 16.38
-9.2839 13.339
-11.597 16.337
-6.5722 11.621
-10.685 15.501
-10.65 16.177
-9.6735 16.716
-5.8852 15.254
-10.57 13.793
-7.3382 10.466
-9.7095 17.068
-6.0674 11.573
-5.9185 8.1955
-6.4737 13.899
-7.8616 10.282
-12.836 17.287
-11.491 15.927
-9.8266 13.95
-10.877 14.799
-10.803 15.01
-7.0933 14.173
-8.6964 14.2
-12.062 18.667
-9.4041 16.576
-8.7996 15.255
-10.698 16.842
-6.6132 13.374
-9.1203 12.956
-7.0513 12.852
-8.0748 15.531
-8.8825 12.289
-8.03 11.269
-8.8749 14.996
-7.283 15.892
-7.7914 14.729
-13.841 16.629
-7.0548 12.759
-6.8236 13.288
-7.6848 13.078
-9.7916 14.607
-5.7772 9.5769
-8.063 8.7944
-9.9229 16.24
-9.8159 16.353
-5.8475 11.007
-7.5579 11.68
-9.1675 14.78
-5.4724 11.116
-7.3732 12.109
-7.4198 13.786
-5.7892 12.645
-7.6224 11.783
-7.3375 12.647
-8.5267 10.264
-11.018 15.359
