10.626 -9.8954
9.5658 -10.497
13.467 -10.143
13.008 -10.233
16.743 -7.9304
12.891 -10.618
17.074 -7.3855
8.1625 -12.008
17.658 -6.4638
12.698 -9.4398
17.099 -10.79
13.992 -8.6124
20.048 -5.4347
16.149 -7.4921
16.368 -10.694
12.478 -10.815
13.554 -10.023
15.239 -6.548
15.219 -6.7376
19.02 -5.6252
16.572 -7.1213
13.006 -8.6085
12.4 -8.5442
11.693 -10.235
12.804 -11.254
15.779 -8.6948
15.46 -10.173
11.636 -9.5747
13.796 -8.2666
14.77 -8.5591
17.907 -8.2501
13.725 -10.9
16.357 -8.0612
11.422 -9.2634
16.404 -7.714
15.672 -9.6325
17.759 -5.8938
14.068 -11.052
13.776 -7.1833
16.991 -8.2263
16.072 -7.4983
15.562 -7.7369
13.334 -8.128
16.098 -8.6757
11.513 -10.046
15.496 -8.5907
17.674 -6.0502
16.137 -6.1889
14.817 -8.1349
18.482 -7.3598
13.217 -10.866
11.954 -9.8842
17.119 -7.3502
16.614 -7.8124
13.549 -10.983
10.76 -11.736
15.249 -7.5279
16.243 -8.3945
12.968 -8.3375
13.158 -7.2078
14.585 -8.9725
14.959 -8.601
13.495 -8.8906
16.026 -8.4344
13.004 -12.296
16.575 -7.4812
13.782 -7.005
14.063 -10.304
12.998 -10.54
11.611 -10.112
12.636 -9.5071
17.767 -7.137
14.731 -6.9284
15.927 -10.09
17.916 -7.549
15.531 -6.2427
12.896 -8.8032
9.3107 -11.268
13.1 -10.521
14.807 -6.8469
15.291 -7.263
15.182 -9.2652
14.047 -8.709
11.091 -10.442
13.406 -10.558
12.576 -10.169
12.837 -9.909
12.676 -7.138
15.006 -8.9582
14.597 -7.3528
12.264 -10.952
14.387 -10.361
17.831 -5.0444
17.111 -8.9082
13.577 -10.1
17.578 -6.5937
14.172 -9.6907
17.459 -6.1762
15.423 -9.3495
13.844 -7.6718
15.098 -8.5856
13.635 -10.57
12.682 -7.2532
13.205 -11.218
11.969 -11.099
15.598 -5.8193
13.428 -8.0988
15.925 -9.617
16.76 -7.467
14.374 -9.955
14.315 -6.7725
14.004 -9.3868
13.372 -8.4677
15.106 -9.6128
16.096 -7.7676
12.956 -9.4029
13.411 -9.7778
17.923 -6.8394
14.16 -9.842
14.576 -6.9794
12.392 -9.9558
17.309 -6.0598
14.983 -8.3716
13.862 -7.799
11.208 -10.851
15.181 -7.336
11.321 -11.84
14.67 -9.1325
11.768 -10.11
15.552 -7.9592
12.66 -12.851
12.084 -9.8598
13.929 -9.1742
11.833 -11.043
13.836 -9.624
16.939 -7.4695
13.332 -8.9994
14.877 -6.4777
11.226 -12.051
14.677 -9.2096
13.484 -7.1942
15.122 -9.2829
11.449 -9.6081
10.822 -12.443
18.346 -5.3842
14.119 -8.5595
16.953 -9.8413
12.105 -9.4701
16.809 -8.1122
17.988 -7.7128
17.142 -8.4605
14.615 -7.215
14.728 -7.0808
12.647 -10.622
14.582 -9.2851
12.885 -10.074
16.689 -8.5203
12.323 -7.0842
17.764 -6.7147
11.524 -8.4586
15.684 -7.49
15.061 -6.4477
10.845 -10.237
12.765 -9.6652
16.225 -6.2644
11.198 -10.188
11.544 -9.4615
13.67 -8.0123
15.538 -6.8565
13.663 -9.6701
16.949 -8.3553
10.986 -9.9275
15.695 -5.5267
13.875 -7.9752
16.966 -7.7305
10.128 -12.611
15.186 -8.4848
14.828 -9.9111
15.959 -7.5062
11.713 -9.9955
10.7 -9.7616
13.74 -9.1329
12.096 -10.128
10.309 -11.642
17.344 -7.5268
14.977 -9.0578
17.966 -5.8231
12.944 -12.23
17.996 -6.6809
15.604 -7.6099
14.538 -9.1404
16.61 -8.4823
13.877 -7.0925
15.647 -7.4519
13.989 -9.2312
14.983 -7.2587
11.41 -8.7678
11.922 -11.407
11.955 -9.8892
11.517 -9.5629
13.381 -10.259
11.219 -10.97
14.943 -6.4805
15.788 -8.3371
14.001 -7.5927
13.482 -11.003
17.863 -8.0343
9.492 -12.816
16.349 -7.9492
15.866 -8.8582
18.168 -6.0542
10.877 -12.647
10.705 -9.965
15.453 -9.0012
17.02 -8.5558
12.891 -8.7911
18.058 -5.3592
16.607 -6.4162
16.187 -7.999
12.945 -9.9536
17.149 -9.3642
14.723 -9.0047
13.888 -8.6803
11.264 -9.5191
16.136 -7.2966
10.318 -11.554
14.712 -8.2281
15.737 -7.7176
12.23 -10.202
15.889 -7.7041
14.745 -8.6506
13.255 -9.4038
10.862 -10.952
12.668 -9.1999
11.933 -10.446
14.694 -7.7189
17.927 -4.9081
13.856 -8.8517
13.164 -10.855
10.426 -14.507
11.631 -10.844
14.938 -10.054
17.964 -5.0545
15.415 -8.9671
9.3594 -11.503
12.971 -9.5258
11.537 -7.3267
17.348 -7.5783
15.199 -6.1175
10.246 -10.314
