8.6324 9.3891
9.7697 14.232
12.174 14.14
8.8326 11.681
8.7784 9.138
6.433 9.2834
13.758 11.327
8.6854 9.6977
11.479 9.5898
10.862 7.8863
10.765 8.5929
10.721 12.85
10.907 13.227
11.31 10.212
8.3539 6.8704
11.971 15.432
12.37 12.77
12.453 12.047
10.007 10.765
10.437 11.373
7.9294 8.6203
8.9211 9.1366
8.6879 9.1909
10.752 8.6768
9.7447 9.9215
11.216 9.15
11.727 9.0188
9.2482 7.5056
7.6098 10.435
11.107 8.0544
8.6628 6.2323
7.3678 9.3374
11.038 12.176
12.657 12.368
12.231 9.0076
9.7154 11.527
10.966 11.695
12.079 16.127
10.163 11.763
10.625 10.22
9.9234 10.731
14.507 15.122
14.57 15.533
9.5583 11.87
9.4262 7.7671
12.668 11.623
8.1991 12.612
8.9837 9.3594
7.3234 10.249
12.447 10.573
11.612 12.328
9.2996 10.614
11.843 12.315
7.4535 6.8676
11.418 6.5552
10.259 12.88
7.0549 9.2334
11.65 10.185
13.244 11.174
9.2063 8.0809
9.1315 11.173
10.518 5.3877
10.653 9.0888
8.4457 14.464
11.838 9.2358
9.1096 8.4391
11.58 11.973
12.953 9.2513
6.981 8.9154
9.1418 7.3059
7.6847 9.2799
11.619 9.6463
10.05 13.401
8.6975 11.248
9.0247 9.7139
8.0824 9.8937
9.2605 7.8566
7.5667 9.1221
7.2807 7.528
12.358 12.158
11.807 14.232
12.623 12.972
12.91 11.746
10.806 9.7066
13.527 12.01
10.276 7.8889
13.495 12.019
10.296 11.075
9.7415 9.3414
11.414 11.201
10.181 13.396
13.896 11.856
7.0566 11.775
13.256 10.674
7.6157 10.85
11.038 12.017
11.347 11.522
10.502 8.8407
10.267 7.3895
9.648 10.01
10.433 14.647
5.0972 9.8687
12.52 9.4261
11.196 11.927
10.819 12.645
13.314 11.968
11.616 13.797
10.721 10.167
11.811 8.045
10.592 10.086
11.51 11.379
11.185 11.739
7.4205 8.683
12.315 9.7102
11.15 9.2816
10.674 11.644
10.276 10.539
11.666 11.642
9.9459 10.726
12.746 9.2745
9.0395 11.213
11.214 9.3966
5.2386 9.2179
10.461 9.6907
10.319 7.6504
7.3957 10.414
7.6829 9.3339
8.3033 10.38
8.6261 10.628
10.258 8.9166
12.156 11.31
11.396 12.899
10.283 10.284
9.3306 7.6859
6.2741 10.587
12.41 14.295
8.31 6.5508
7.1521 6.858
8.98 8.2217
10.014 6.5823
9.9589 13.491
8.5859 8.3663
8.3557 8.4465
10.618 13.489
9.3759 6.6557
10.799 11.346
10.709 12.039
10.466 9.9932
8.7584 12.319
14.401 11.899
12.025 14.156
10.483 8.8884
10.545 12.112
6.5372 6.8097
9.4716 7.9648
10.62 6.4901
13.32 9.8457
8.7558 9.831
10.327 11.102
9.31 12.66
13.985 13.023
8.4215 10.66
14.943 12.688
11.076 13.054
12.195 12.473
12.232 9.4536
8.9095 11.024
8.7074 8.404
9.9276 12.8
9.5375 8.4819
8.5843 8.343
9.6591 11.781
11.28 9.8631
11.574 12.447
10.465 10.978
12.886 12.966
9.1023 11.117
8.2693 9.7969
11.66 9.9186
10.557 11.914
15.56 11.322
12.843 11.895
12.194 11.463
10.318 10.477
11.985 10.514
8.0324 6.1418
9.3649 13.589
9.1949 10.374
10.594 10.666
11.105 12.519
7.9143 10.448
4.6812 8.1575
7.5881 10.578
11.339 11.003
11.743 11.691
9.4079 11.248
11.397 9.5144
11.822 13.809
11.467 12.752
9.7023 11.582
15.228 14.436
11.083 10.398
11.604 6.8341
6.8934 9.4593
10.768 10.4
7.5207 8.0359
7.6684 9.4023
9.9261 8.465
12.248 8.0457
6.0436 8.3308
9.1825 11.23
11.034 10.441
9.6003 8.4744
10.707 8.0043
8.2802 4.7338
12.437 9.5842
9.5168 10.125
13.957 13.16
8.5708 7.9132
11.379 8.3996
12.451 12.175
8.112 10.729
11.432 13.39
12.079 10.239
12.09 10.988
10.234 10.017
12.603 9.7712
10.565 9.2555
11.269 9.2377
11.31 8.2137
9.0831 7.7422
9.6946 12.906
8.0036 11.426
8.4443 9.2308
4.6825 6.776
12.341 15.02
10.947 9.3739
10.24 10.181
15.628 10.365
10.459 7.5384
10.422 9.6313
11.235 13.388
11.914 10.651
8.8467 9.1485
10.092 6.693
8.4368 8.8953
6.524 6.9903
11.839 9.6072
11.743 8.7871
6.7912 4.7123
