0.64658 0.22035
1.2878 2.9128
-1.0281 -2.2308
-2.1763 -3.2796
-0.65992 -3.8127
1.0434 2.3364
-2.9271 -4.3087
-1.1547 -1.7165
1.388 1.1537
-0.81031 0.14683
-1.7794 -1.3686
0.62865 0.35751
-1.3499 1.3058
1.8766 2.9884
3.041 4.1213
0.65541 1.7059
-0.36031 1.8531
0.34603 1.8996
0.96309 3.5378
1.6545 1.3298
0.41935 1.0514
2.2076 5.7583
1.9891 2.1735
0.99799 -0.50425
-0.16874 -0.86148
-0.57854 -0.33329
1.8248 1.0855
1.9815 2.0595
0.2753 -1.0591
-1.7862 -3.2757
2.9731 1.2771
0.47274 1.87
0.44596 0.76659
1.0152 0.48466
1.901 1.7425
1.7066 4.3915
-1.2305 -1.301
1.5719 1.9459
-0.20623 3.5537
0.53695 1.0356
1.5089 2.0845
1.3549 5.5072
-1.9049 -1.802
-2.0445 -0.61364
-0.37743 2.2683
-1.0778 -1.1847
2.3007 4.0061
0.87021 3.1206
-0.5402 -3.6306
-1.0306 -4.5704
1.0612 3.6922
0.24974 2.1499
-3.5515 -5.5236
-0.59557 -3.1236
2.6662 3.2148
0.57546 0.84987
2.0698 2.6883
0.59713 1.5469
2.6711 1.859
-0.38649 0.37814
-1.1025 1.4613
1.071 3.8469
1.0258 -1.3221
-0.7505 -1.3992
-1.8958 -1.6274
-0.93151 0.16682
-0.24534 -1.166
-1.8433 -2.5773
-0.15273 2.7431
2.8975 -0.28315
-0.89193 1.7097
0.87383 -1.2145
1.4199 3.2942
2.0764 1.07
-0.73386 -1.9316
-2.3708 -2.4831
2.6487 1.6352
3.1992 0.97684
-1.0647 -0.37344
-0.18374 -0.27072
-2.2345 -0.047371
1.846 4.7342
-1.1859 1.6189
-1.378 -2.0769
0.63142 0.82527
0.95412 2.3357
0.76531 -4.005
3.0082 2.6027
0.40797 0.98614
1.6697 2.3353
0.52208 3.4606
-0.51137 2.038
0.1972 -0.33279
0.30234 2.5582
1.0152 -0.98531
-0.30626 1.7253
-0.89991 -3.7985
-1.0669 -2.2854
0.65203 2.1641
-1.6502 -2.7877
-2.4741 -2.4624
-1.6886 -1.5434
-0.6062 0.18894
-0.86352 0.7642
0.75397 -0.83759
-0.96788 -0.45255
-0.2893 -0.82657
0.4692 -1.5426
-1.8756 -4.1336
-0.25692 0.22085
0.1247 -1.1089
-0.62083 0.82495
-0.94627 0.49433
1.4598 5.3988
1.4256 1.8132
2.1591 2.9477
0.8012 -0.64013
-0.95685 -0.70962
-2.9696 0.21771
-0.012558 1.4223
0.09296 3.3993
1.3397 0.78797
1.5839 4.1751
-2.1463 -2.3101
-1.6492 -4.7729
-0.90795 -1.032
-0.41002 -2.3328
-1.341 -2.0849
0.91835 2.8513
1.8953 3.8728
-0.052429 3.1536
-1.8636 -1.1452
-1.8329 -2.43
1.1491 0.31695
-1.0735 -1.6108
-0.11703 0.44103
1.2093 0.73619
1.259 0.72545
3.9233 7.0147
1.8325 0.90105
-0.52635 2.2936
-1.4064 -1.3548
2.2889 -0.31153
3.1719 2.1475
-2.3101 -4.3211
1.091 1.1025
-0.16513 -0.59584
-1.9959 -5.559
0.785 -3.3525
0.27521 1.1578
-0.11392 0.49798
-0.51127 -0.94798
-1.9713 -0.60343
-0.24119 1.2432
3.579 -0.0010611
-1.7982 -2.7037
-0.64826 -1.7243
0.34025 1.367
-2.0776 0.95054
1.4578 1.367
-1.4218 -4.0383
0.49032 -1.9696
0.39998 -0.23647
1.7934 0.048221
1.3395 5.3409
-1.513 -2.1572
0.093792 -1.3999
0.70612 -1.0976
0.60108 -1.9427
0.042757 -0.74906
1.5771 0.67548
2.0314 0.47243
1.2433 1.9455
2.2038 2.1657
1.4719 1.5029
0.17019 -0.62227
-0.52701 -2.5582
-0.58879 -3.3122
1.9559 5.3045
-1.3808 -2.2232
-2.2946 -0.99667
0.95371 2.1972
-1.8375 -0.76099
0.42906 0.44245
-0.36053 -2.0815
2.9092 1.2592
0.16601 0.80184
-1.4237 -3.0963
0.73555 2.6106
-0.57744 -1.1372
-3.3149 -3.9728
2.6603 5.4329
0.61951 1.9983
-1.4979 -1.2984
0.69443 2.0061
2.137 4.6353
-0.018754 -1.7674
0.33371 -1.2075
-0.40691 -1.2018
-1.7158 -2.5642
-1.5475 -5.063
-2.4103 0.82063
-1.0601 1.5906
-0.61281 -0.89161
-3.2282 -2.8246
-1.2254 0.057545
-0.56995 -0.30115
-1.0545 -0.38153
-1.1298 -2.7818
0.76944 1.0391
-0.39561 -1.4856
-1.847 -0.28242
-1.7419 -3.2598
-2.3593 -1.094
1.4977 -1.2595
-2.0152 0.85357
0.028344 1.3117
-0.19366 -4.8731
-0.69132 -2.0886
-0.74616 0.46566
1.4099 0.90583
-0.48696 -2.007
1.7002 5.2268
-1.7364 -3.3732
0.53588 0.14723
1.2644 0.022403
0.82795 0.69714
-2.1007 -1.517
0.68756 0.25397
-1.7812 -0.92749
1.0028 -0.80416
0.2357 -2.4808
0.4943 -0.5122
-0.10494 0.27545
-0.4291 -1.4878
-0.54038 0.047413
0.69151 0.15723
-0.62818 -0.96981
0.55883 3.4815
2.863 2.7681
-2.4775 -2.3098
0.20354 -2.0243
0.31783 0.71049
1.1135 0.31621
1.78 -0.76392
1.694 5.1821
0.086096 -2.0823
-1.8191 -3.2278
0.26416 -1.6461
-0.084045 0.50691
