0.12429 -0.4173
0.23243 0.41209
-0.16288 -0.55845
0.17924 0.18322
0.47964 0.24534
0.33753 -0.072562
0.52516 0.05259
-0.15626 0.31441
0.028753 0.12378
-0.54111 -0.056256
-0.069603 -0.29568
0.2883 -0.039986
0.23898 0.003855
0.38075 -0.4595
-0.23546 0.24177
0.5242 -0.26652
0.035916 0.5946
0.4989 -0.3197
-0.32784 -0.21428
0.49347 0.31649
0.43404 -0.25438
0.32877 -0.14238
-0.30121 -0.11044
0.10792 -0.49821
-0.047135 0.094978
-0.18111 0.40083
0.24691 0.30024
0.014528 0.17871
-0.19567 0.45632
-0.55913 -0.13274
-0.12809 -0.091474
0.42337 -0.020924
0.027038 -0.13794
-0.50659 0.20081
-0.048696 -0.48048
0.23795 -0.53946
0.24336 0.46071
0.33855 0.052382
-0.34608 -0.11943
-0.22004 -0.25886
-0.17978 -0.33867
-0.27078 -0.043133
-0.36641 -0.26202
0.026251 -0.10788
0.062109 -0.44902
0.38528 -0.046319
0.24806 -0.25773
-0.37388 -0.28076
-0.40771 0.32285
-0.18994 0.40222
0.3558 -0.31398
0.086075 -0.37261
0.49251 -0.33839
0.13623 0.28479
0.074291 0.097276
0.30953 -0.038965
-0.035784 -0.10345
-0.21388 -0.4074
0.24405 -0.43898
-0.3612 0.20443
-0.37118 0.40709
-0.28297 -0.1689
0.57517 -0.028544
0.33632 0.30073
-0.22127 -0.18617
-0.038303 0.229
0.16165 -0.39459
0.40972 0.091199
-0.17451 -0.47667
0.006725 -0.47889
0.27466 -0.31294
0.037546 0.41296
-0.18338 0.23204
-0.05368 0.47981
-0.30471 -0.32062
0.022688 -0.184
0.52359 -0.059906
-0.17489 0.27955
-0.54627 -0.16411
-0.25937 0.013871
-0.11274 0.048329
0.041179 0.28512
-0.098987 -0.46514
-0.018708 -0.55543
-0.082158 0.37714
-0.2357 -0.18791
0.18537 -0.55833
0.24186 0.35313
-0.24394 -0.009908
-0.32878 -0.36354
-0.36555 -0.073787
0.15046 -0.39282
0.5871 -0.036326
-0.1323 -0.46597
-0.059619 -0.26763
-0.44432 0.007909
0.44479 -0.19122
-0.42551 -0.028708
-0.28296 0.191
-0.50795 -0.11296
-0.067754 0.28655
-0.48481 -0.35071
0.014467 -0.2901
0.12211 -0.44415
0.26592 0.43418
0.18896 -0.28291
0.24422 -0.25664
0.38355 -0.38231
-0.2574 0.098966
0.22595 -0.035005
0.36267 -0.12854
0.4128 -0.43042
0.25065 -0.073135
-0.57041 0.11339
-0.15024 0.061013
0.27914 -0.13273
0.20353 -0.03948
-0.31872 -0.2243
-0.24288 0.25328
-0.10473 -0.17384
0.41363 -0.040121
-0.367 0.45486
0.099035 -0.17199
-0.46279 0.36148
0.017338 0.21093
0.143 0.45731
0.56901 0.17211
-0.082685 0.10194
0.39923 -0.18652
0.47219 -0.17948
-0.18121 0.48201
0.43715 -0.2599
-0.22481 0.020257
0.14402 0.013951
-0.18758 -0.088794
0.19645 -0.093049
0.5591 -0.074504
0.10773 -0.53644
0.32389 -0.13674
0.008699 -0.024227
0.049683 0.11034
-0.003976 0.26278
0.021921 0.33901
-0.18483 -0.069587
-0.37648 -0.35011
-0.12117 -0.24512
-0.072642 -0.13362
0.27976 0.19762
-0.16827 0.070163
0.23037 0.11617
