0.037734 -1.7938
1.8872 -0.56008
-0.27228 1.8764
0.12632 -1.695
-1.2713 -1.0421
-1.3754 -1.3285
0.034475 -1.9437
0.2572 1.2492
1.4903 -1.0194
-1.2192 -0.76513
-1.3356 0.81173
1.2374 -0.52484
1.7093 -1.0288
-1.5182 1.2669
1.2259 1.45
1.4726 -0.39683
1.8494 0.26179
1.1822 -1.5938
1.6386 0.88709
1.5406 -0.93243
-1.1866 -0.60121
-1.9104 -0.064837
0.36293 1.6229
1.2409 1.5261
0.89231 -1.485
-1.7265 0.64596
1.3489 0.44881
-1.0895 0.576
0.38445 -1.1621
0.097989 1.7696
-1.5273 -0.87942
-0.80104 -1.8008
1.1751 -0.74541
0.48289 1.532
0.21968 -1.3258
-0.43128 -1.1879
1.4103 0.78372
-1.8037 0.17928
1.7277 0.35648
-0.05566 -1.4994
1.386 1.3834
-0.76018 1.8296
-0.6867 1.4658
1.7226 -0.47169
-1.743 -0.2509
-1.0613 -1.3116
1.3995 -0.58516
0.50399 -1.6322
-0.76617 1.4624
1.1164 -1.6026
-1.4664 0.73515
0.76471 1.5198
-0.57146 1.1084
1.172 1.3881
-1.3712 0.85785
-0.15171 1.6277
-1.3055 1.1008
-0.91414 1.1468
-0.25707 1.9257
-0.61552 1.7966
-0.45936 1.2787
-1.5603 -0.22932
-0.75921 0.96915
0.44555 -1.5707
1.0948 -1.0082
1.43 -0.35097
-1.8248 0.56563
-1.267 0.18725
0.10789 1.5665
0.9123 -1.4453
-1.5187 1.1824
0.54856 -1.6973
1.2823 0.99295
-1.8941 -0.031346
-1.3704 -0.80929
-1.1835 -1.0644
1.6909 0.70427
-0.43123 1.2712
1.8433 0.23662
-0.28387 1.5833
0.77914 -1.009
-0.008366 -1.7067
-0.71151 1.0633
1.7165 0.90441
0.87158 -1.7892
0.34134 -1.8038
1.4188 -0.29895
-1.7156 0.8688
0.55621 -1.1262
0.85036 -1.1989
0.099438 -1.8283
-1.2149 -0.41425
-1.3727 0.88427
-1.1895 1.1743
0.51693 1.3324
0.3859 -1.6152
-1.1834 -0.3547
-1.2646 -0.71883
-1.3019 0.74774
0.76996 -1.3476
-1.5366 0.55915
1.2425 -1.3852
1.2656 1.4016
1.5424 -0.6402
-1.2279 -0.044882
1.1602 0.8784
-1.7993 -0.78251
-0.7837 1.5727
0.32055 1.4311
1.1706 -1.294
1.5562 0.54805
1.8597 -0.18245
1.772 0.68177
0.38381 -1.9619
0.14311 -1.2405
-1.6514 -0.67518
1.3174 0.999
-0.10316 -1.4883
-1.5654 -0.85091
1.6434 -0.047771
1.1964 0.56552
1.9492 -0.12491
1.1444 0.5796
-1.1701 1.1998
1.5447 0.64536
1.3124 -0.51122
-1.444 0.74194
-1.4475 0.42664
0.42561 -1.6319
-0.22336 -1.8068
-1.5947 -1.0171
-1.5049 1.0164
-0.67503 -1.7508
0.033361 1.3304
1.04 -1.2204
-0.2473 -1.3757
0.083499 -1.6122
0.75741 -1.1203
1.5163 0.20331
0.60055 1.7822
-0.55926 1.5735
-0.92288 0.84895
-1.209 0.18907
0.52415 -1.9223
-1.196 -0.32254
0.20971 -1.2681
-0.34144 -1.682
0.94066 0.8606
-1.2765 1.2295
0.87767 1.3166
-0.31659 -1.4508
-1.222 1.2991
-1.3766 0.000459
1.0551 0.76426
-1.4048 0.98626
1.213 -1.1674
-0.98001 1.3009
0.26911 -1.6384
0.29566 -1.5356
1.083 -1.4219
1.463 0.7259
-1.1277 -0.65008
0.73147 -1.325
0.071576 -1.5667
-1.5904 0.57722
-1.2576 -0.13611
1.4694 -1.1234
1.7587 -0.78911
0.57365 -1.7821
-1.0529 1.1529
-1.7744 0.18446
0.33679 -1.1622
0.56953 -1.3167
1.773 0.52749
1.2351 -0.36093
-1.2032 0.55597
1.4366 -0.076606
1.1908 0.16424
1.164 -1.0393
0.44724 1.146
-1.3026 0.098648
-0.79221 -1.1928
-0.76929 -1.5323
-1.0767 -0.5682
-0.45777 -1.5499
0.70202 -1.6976
-1.3297 -0.081268
-1.1159 -1.5341
0.67956 -1.7242
-0.52574 -1.3202
1.7662 0.25193
1.9421 0.34033
-1.9468 -0.17909
0.71775 1.6321
-1.0728 0.87374
1.1317 1.025
-0.66777 1.0479
1.1334 -0.82959
-1.4844 1.0586
-1.7581 -0.26079
1.0009 -1.3364
-1.5127 0.43456
-0.38848 1.6573
-1.3782 -0.73262
1.9064 -0.18259
1.1281 -0.95156
-0.94663 -0.91652
1.438 0.25266
-0.66909 1.1096
1.0257 0.9627
1.1732 -0.93611
0.73437 1.0844
-1.2003 0.05005
0.87123 -1.4861
1.528 -0.63945
-0.053366 1.3271
-0.34558 1.7655
-0.45313 -1.3121
-0.41269 -1.389
-1.3023 0.90928
-0.77545 1.8224
1.4816 1.3184
-0.22982 -1.5628
-0.7575 0.99356
1.4957 0.49438
0.52541 -1.2519
-0.19517 1.2084
0.21055 1.9784
-0.2066 -1.8651
1.3146 -0.61274
1.1615 -0.42073
1.668 0.85832
1.5116 -0.38985
-1.5717 -0.097951
1.0239 0.75036
0.50557 1.2228
1.7375 -0.775
-1.4018 -0.18895
-1.4553 1.263
1.3296 -0.28244
-1.2622 0.82508
-1.6427 -0.49133
1.3392 -0.81258
1.0434 -0.65718
1.3605 -0.55799
-1.7033 0.29359
-0.57653 -1.5708
0.88527 -1.6431
-1.0337 0.88203
-1.645 -0.36014
-1.108 1.3103
1.1493 1.1452
0.13192 -1.6001
1.3167 -1.4604
-1.0106 -1.6352
-1.1475 1.1959
-1.8338 -0.3434
0.94987 1.166
0.30806 1.541
-0.071755 1.5129
1.0894 -1.1961
-1.1458 -0.62434
-1.7858 0.16927
1.1269 0.70475
-1.7433 0.8542
1.3489 0.5846
-1.5515 1.2344
-0.29964 -1.3775
-1.6923 -0.99078
1.4466 1.0247
-1.6372 1.1327
-1.2988 -0.80882
1.7405 0.029325
1.4729 1.2988
1.301 -0.20215
-0.90279 1.5635
-0.33455 -1.2828
-1.2557 1.4633
1.2739 1.2138
1.8328 0.63514
-0.015464 1.2282
-0.33883 1.7529
-0.96716 -1.1046
0.70341 -1.3077
-0.29851 -1.6714
0.29003 -1.3617
-1.5315 0.58305
-0.64935 -1.1544
-1.3448 -0.58808
1.271 -0.47078
-1.4313 -0.31055
1.0451 -1.0201
-0.70223 -1.103
-1.1501 0.39542
-1.5349 -0.75125
1.9366 -0.073801
0.81081 1.09
-1.6062 0.69199
-1.3443 0.49796
-1.478 -1.1125
-1.3655 0.50551
-1.1776 -0.66769
1.6879 -0.20959
-0.89011 -1.4506
1.2816 1.2831
-0.043704 1.5537
1.1612 -0.98533
-1.5187 0.86535
0.4135 -1.7112
0.20578 1.4955
-0.29113 -1.9666
-0.70701 -1.415
1.3866 -0.058498
-1.0902 -0.56692
1.1418 0.40471
-1.2844 0.73786
-1.7752 -0.80339
1.3103 0.34218
1.2847 1.155
0.97297 -1.4882
-1.3248 0.86733
-0.83394 -1.201
1.2001 0.16882
1.3034 -1.3641
1.4546 -1.1026
-0.63752 1.4979
-0.77968 -1.7564
-0.52767 1.8992
-0.97123 0.89379
1.2232 0.64648
-1.9655 0.35442
-1.4974 -0.20789
-1.2825 -0.68797
-1.0449 1.3485
-0.87679 1.4501
1.767 0.23026
1.4498 1.3423
-0.48009 -1.8912
-1.3305 -0.51931
1.8816 -0.27525
1.9328 -0.091194
1.5374 0.86554
-1.1614 -1.4153
1.1524 -0.4543
1.1372 -0.4971
1.442 1.0888
1.3277 0.092197
1.7836 -0.17312
0.53126 1.4732
-0.79754 -1.4973
1.3474 0.63446
1.4985 -0.99511
1.404 1.1374
-0.9522 -1.1557
-1.6497 -0.82514
1.4548 -0.51289
1.3325 0.88431
-1.3081 0.056177
1.6886 -0.078619
-0.97011 -1.6664
1.287 -1.1671
-1.7821 -0.18649
-0.55058 1.3288
0.16336 -1.9029
0.12677 1.7081
-1.2887 1.3711
-1.9266 -0.42987
-0.18506 1.6981
0.60218 -1.3487
-0.96352 -0.94733
-1.079 -0.89267
-1.8222 0.61331
0.86655 -1.3172
0.96212 -0.73243
1.0278 0.82883
-0.36884 1.3554
-0.14525 -1.8778
1.8664 0.48708
1.1523 -0.43862
-1.4743 -0.17804
0.82783 1.7636
1.7685 -0.21124
1.5428 0.84818
0.21482 1.8293
1.4464 -0.10334
1.1279 0.45048
1.3355 -0.98816
-0.46144 -1.18
-0.10931 -1.9722
-1.6106 0.86011
-1.8944 0.049772
-0.54841 -1.3479
0.79415 -1.7849
-0.22504 1.9323
-1.0968 1.0396
0.47329 1.3324
-1.7662 -0.17412
-1.2066 -0.13475
-0.45272 -1.4191
-0.25633 1.2837
1.1712 -1.0224
1.3636 0.77772
-0.29853 -1.1975
0.51431 1.6112
-0.41847 1.2142
1.5275 0.32108
0.92276 0.86411
1.2711 -0.25234
1.7111 0.01634
1.2298 0.2589
-1.0261 -0.68812
-1.2592 -1.2283
-1.6982 -0.45639
-1.4685 0.9058
-1.3351 0.26627
0.85856 1.2041
1.5106 0.88262
-0.22322 -1.3134
-1.213 -0.95189
0.68042 -1.8325
-0.91598 -1.3389
-0.51592 -1.5655
-0.10876 1.33
1.8783 0.1016
1.2797 -0.75259
1.0771 0.98034
0.66208 -1.4135
-1.6718 0.057261
0.70579 1.3604
1.5349 1.0447
1.6721 0.37535
-1.4605 0.72682
-1.501 1.183
1.3383 -0.74846
-0.26824 1.9155
1.0239 1.5482
0.83635 1.5549
-0.054026 -1.7024
-1.5964 -0.48373
1.1012 0.53332
1.5084 0.41015
-0.52734 -1.9154
-0.7842 1.7237
-1.7296 0.74745
-1.936 -0.19894
-1.477 0.57467
0.49257 1.8096
-1.9709 0.2206
-1.2132 -0.72087
-0.71426 -1.0023
-1.6099 -0.84077
1.2262 0.7941
1.4823 -1.154
1.6128 1.005
-1.3523 0.36201
0.05594 -1.8553
-1.6008 0.87655
-1.0913 -1.1492
1.7374 -0.88488
0.79853 -0.89803
-0.67847 1.5024
-1.6725 0.93394
-1.7627 -0.54423
-1.279 -0.047698
-0.63582 -1.3793
0.043048 -1.4643
1.2378 -0.34826
-0.97435 1.0993
-1.2345 -0.055496
0.035406 1.491
1.7603 0.096589
-0.67007 1.7223
-1.1558 -0.47419
-0.33521 1.2434
0.58566 -1.827
1.4734 -0.34531
-1.5235 -0.5087
-1.6407 0.44352
0.49844 -1.9033
0.36735 -1.3417
1.5468 -0.40233
-0.61314 -1.7813
-1.8285 0.73456
0.9878 0.72639
0.28332 -1.4963
-0.035559 1.7037
1.5225 0.90045
0.70236 1.6968
1.2122 1.5811
-1.4291 0.062589
-1.9082 -0.59184
0.77594 0.99394
-0.74261 -1.3689
-1.1915 -0.3773
-0.013238 1.6144
1.0132 -1.2712
0.25732 -1.8972
1.364 -1.2419
0.40418 -1.2487
-1.3753 1.141
-1.2416 -0.040427
-1.8022 -0.006651
-1.2805 -1.3704
-1.7738 -0.13619
1.5847 1.1503
-0.25129 -1.5415
0.87936 1.0808
-1.8938 -0.032046
1.6184 0.90214
-1.3511 -1.1262
-1.0734 0.85569
1.0721 1.3712
-1.0678 -0.63647
-1.1606 -1.0086
-1.2708 -0.13177
-1.243 0.56504
0.64829 -1.0161
-1.4864 0.048064
-1.2793 1.4983
1.4355 -0.62419
0.55144 1.9207
1.5972 0.72282
0.84052 -1.4104
1.9659 -0.27448
0.2951 -1.6862
-1.1608 -1.4038
1.1962 0.67669
-0.54555 1.1836
1.2131 0.74499
-0.98747 1.2038
-1.8619 0.12769
1.8681 -0.64703
0.15241 -1.426
0.23353 -1.4326
-0.87549 0.93753
1.0828 1.3016
1.2411 -0.31538
0.44131 1.534
0.72998 1.6788
-1.3169 0.55515
-1.9649 0.04881
1.3759 1.3061
0.30712 -1.6027
-1.0066 0.96636
1.2325 0.84237
1.3957 -0.96265
-1.3834 -1.1101
0.90547 -1.2284
-0.33119 1.648
-1.645 -1.0454
1.1037 -0.99965
-1.219 -1.1721
1.4474 -0.24221
-1.0103 -1.3891
-0.6221 -1.7828
-1.2963 0.37407
1.125 -1.1297
-1.6096 0.90719
1.855 -0.31085
-0.29098 1.8073
0.84289 1.231
-1.671 0.5145
-0.45402 -1.4278
-1.0445 0.88878
-1.29 0.46264
-1.2932 -0.5337
-1.0823 0.78161
-1.2553 0.10491
1.8198 0.40639
1.5968 0.41465
-0.61241 1.7952
1.8633 0.50072
0.002127 -1.3036
1.2011 -0.080886
1.3134 0.44402
1.9277 0.079273
0.42242 1.3455
-0.85784 1.5975
-1.4762 -0.13644
-1.5469 0.15106
0.12041 -1.8813
1.0328 -1.491
-0.84475 1.1782
0.66399 1.6119
-1.5894 -0.46538
-0.88464 -1.2454
-0.77755 1.3129
-0.82327 1.2577
-0.28148 1.6813
-0.95235 1.5954
0.84153 1.6208
1.3196 -1.1835
-0.00316 -1.2309
-1.9056 -0.31226
0.89238 1.5567
-1.0409 -1.0291
0.68214 -1.4975
1.4494 -0.48355
0.63341 1.7784
-1.1385 -0.77251
