-9.8099 11.69
-10.741 16.508
-8.761 16.695
-9.2865 12.183
-10.913 14.187
-10.916 13.85
-8.2955 15.827
-9.8702 16.541
-8.3875 12.726
-10.373 14.321
-7.9728 16.04
-11.105 15.239
-9.1279 13.665
-10.949 12.686
-9.8127 18.128
-11.129 13.489
-11.572 18.122
-10.13 13.65
-12.038 14.799
-9.5294 16.545
-8.9941 13.449
-9.6012 12.394
-8.3943 14.264
-10.504 13.884
-10.569 14.923
-10.986 12.413
-10.215 17.148
-8.7085 16.119
-10.072 13.224
-10.1 12.921
-11.232 15.647
-10.251 12.799
-10.427 12.172
-10.358 11.705
-10.517 14.822
-9.6846 8.2048
-7.7736 17.307
-9.6486 12.697
-11.107 14.357
-8.1568 13.49
-8.8202 13.135
-9.1524 16.603
-9.1399 20.552
-9.4216 14.062
-10.136 12.602
-9.9257 15.605
-9.7507 14.873
-9.2531 14.751
-10.175 17.321
-10.951 16.814
-8.9964 9.3051
-12.928 12.343
-9.3217 12.899
-9.7913 19.712
-10.556 11.752
-8.1016 15.935
-11.338 11.759
-9.9243 17.605
-9.7285 12.872
-10.318 18.731
-9.3993 16.504
-10.562 10.263
-11.099 14.586
-9.9178 15.242
-12.2 15.689
-8.9815 13.885
-9.4703 18.06
-10.021 14.374
-8.4425 12.824
-10.163 14.461
-9.0542 17.304
-10.158 12.299
-11.459 13.728
-9.0732 10.821
-10.642 15.64
-9.3283 15.199
-10.214 14.417
-10.078 13.289
-9.1468 11.223
-9.8253 13.918
-10.471 11.766
-9.8244 13.289
-8.2595 10.433
-9.6127 20.345
-8.2365 20.035
-9.7624 12.675
-9.772 18.854
-8.153 15.222
-10.697 10.651
-9.6363 15.696
-9.9736 9.7846
-9.9629 14.32
-9.7391 9.9739
-12.059 16.016
-10.825 15.825
-11.22 10.922
-10.224 13.178
-8.8499 14.942
-10.513 14.203
-9.7613 13.547
-9.1857 16.082
-8.1181 14.029
-9.3924 11.66
-10.782 14.144
-8.1922 11.259
-11.347 12.783
-10.284 14.62
-10.869 14.157
-9.14 15.936
-10.658 18.65
-9.8275 21.298
-10.264 18.482
-10.051 14.225
-10.459 13.22
-10.466 14.682
-12.438 14.738
-10.313 20.369
-8.457 13.882
-7.5967 20.491
-10.042 11.116
-10.298 17.175
-10.134 13.521
-10.489 12.518
-10.779 13.592
-10.584 13.153
-9.6583 12.742
-10.012 14.293
-9.3704 13.513
-10.917 17.369
-10.121 16.717
-11.009 13.803
-9.6484 15.759
-10.556 15.5
-9.8442 19.395
-7.7494 19.575
-10.826 11.483
-10.019 10.302
-9.5922 17.824
-9.7336 13.198
-9.5616 16.691
-9.7226 15.88
-10.963 11.376
-10.161 11.539
-9.7719 15.064
-10.435 14.379
-10.642 16.525
-8.8724 17.843
-9.8007 15.071
-11.577 14.529
-10.997 14.297
-8.1996 17.673
-10.564 14.285
-11.497 9.6036
-12.616 14.096
-10.023 10.862
-9.9012 12.946
-10.681 14.14
-8.6543 17.513
-9.0552 17.453
-8.4963 15.512
-10.939 15.962
-9.2186 18.021
-9.1494 15.308
-9.2185 15.874
-9.7312 18.293
-10.858 15.105
-10.136 16.071
-8.2506 14.852
-8.6384 12.088
-10.386 15.2
-9.2491 14.058
-9.9689 10.906
-10.856 16.049
-9.9617 18.56
-10.628 15.7
-10.615 17.833
-10.039 15.787
-10.045 16.71
-9.5029 13.442
-12.352 12.144
-8.2493 15.799
-10.427 12.005
-9.6907 12.364
-9.9485 11.832
-10.962 16.545
-11 17.51
-8.7104 13.34
-9.3449 18.275
-9.5782 11.219
-10.423 20.537
-9.0552 15.735
-10.844 10.81
-10.739 15.909
-10.877 16.175
-11.124 17.88
-11.147 14.08
-10.391 12.832
-9.52 14.355
-8.4383 13.436
-8.0482 13.988
-10.891 16.963
-9.6218 17.713
-7.9321 18.824
-10.388 14.933
-10.394 15.797
-10.554 9.6768
-9.8461 14.769
-9.8397 9.5426
-9.3951 11.843
-11.336 18.585
-10.833 11.896
-11.066 13.516
-10.611 14.055
-9.5235 13.061
-11.894 17.223
-9.4165 12.047
-11.209 16.65
-9.6488 17.222
-9.679 14.583
-8.6244 16.22
-9.4814 14.246
-11.412 15.956
-9.2053 19.018
-10.548 11.67
-10.458 17.472
-9.8164 14.849
-9.7358 17.359
-8.144 9.5223
-8.4134 16.606
-10.708 15.004
-8.3917 18.059
-8.5333 20.445
-11.263 15.878
-9.7748 14.278
-9.6221 10.687
-9.2616 17.233
-10.021 19.671
-9.4834 12.596
-10.455 12.329
-11.602 16.559
-11.364 14.725
-9.9252 16.018
-9.1493 11.508
-9.1201 18.91
-10.457 18.972
-11.111 16.784
-10.369 10.503
-12.03 16.888
-10.151 14.889
-10.511 16.139
