7.933 -3.8483
10.178 -8.6909
12.352 -7.4728
12.085 -9.6583
11.694 -8.6684
10.355 -10.176
8.7675 -7.4271
8.4864 -5.6034
12.555 -10.43
8.7 -6.3667
11.908 -6.9783
9.7662 -7.339
11.428 -8.3582
11.618 -9.8279
13.202 -7.5653
9.5037 -6.0719
10.282 -6.8202
11.354 -9.8809
12.28 -9.1414
13.221 -10.338
8.8125 -7.4168
11.104 -7.9997
10.776 -7.7814
11.272 -7.414
11.77 -5.6393
12.68 -11.423
11.113 -8.415
11.072 -7.8766
10.193 -7.6905
13.844 -9.8455
9.5047 -7.7895
6.1754 -4.8665
11.073 -7.9419
6.3379 -5.8372
13.644 -7.442
11.302 -8.1505
7.8519 -4.4309
9.7038 -6.506
9.5252 -8.1959
9.2233 -6.951
9.8135 -5.6277
10.87 -6.9238
9.9885 -6.8106
9.962 -8.668
9.1096 -7.4549
12 -7.2277
11.617 -8.9943
12.317 -10.271
8.9295 -5.7604
11.043 -9.0922
9.882 -5.0884
9.6135 -5.9602
11.022 -9.0218
11.949 -6.3184
10.343 -7.8541
9.438 -7.9648
12.389 -8.7474
11.154 -7.8512
14.204 -10.662
11.011 -8.0483
10.121 -6.4345
12.882 -7.8756
12.625 -6.9421
12.536 -11.436
6.9563 -4.8368
11.473 -7.8552
10.58 -8.3348
13.804 -10.528
12.862 -8.2957
10.995 -5.843
9.0971 -5.4333
14.313 -9.1062
12.627 -7.79
10.399 -7.6298
13.789 -11.297
7.467 -4.907
11.957 -6.5741
12.696 -9.6086
11.271 -9.0699
10.513 -8.0071
9.961 -5.4921
8.8853 -5.9478
10.807 -7.3111
9.8397 -4.7419
12.832 -8.8466
11 -7.5786
12.285 -7.4373
14.228 -10.225
12.009 -5.7189
9.6093 -6.363
10.044 -6.8824
10.584 -9.0478
7.2979 -6.8967
13.779 -8.3533
11.832 -6.4534
9.2287 -7.7362
10.158 -8.5252
13.236 -10.672
11.867 -7.4829
11.585 -6.328
8.8378 -6.7402
9.7181 -7.9294
8.0602 -6.5068
10.398 -8.3004
12.814 -11.648
11.716 -10.481
11.95 -9.6155
9.6949 -6.9893
11.783 -9.1389
11.003 -8.463
15.175 -10.579
11.207 -4.9178
11.21 -10.321
13.527 -11.618
11.2 -6.9949
14.747 -11.466
8.6554 -6.9201
12.99 -9.5537
11.147 -8.3925
11.744 -9.6434
11.891 -8.9033
9.1801 -6.633
11.083 -8.112
11.201 -7.6116
11.063 -7.9016
9.2364 -6.7248
11.743 -8.9326
11.2 -8.8504
11.484 -9.0283
11.071 -7.0413
8.2044 -5.7469
12.529 -9.1265
13.003 -7.1195
8.0545 -7.3186
11.388 -7.8018
12.098 -7.8368
8.7464 -7.3593
9.0214 -5.9364
9.0379 -6.9941
10.186 -7.9078
12.206 -7.7568
9.1864 -4.3667
12.078 -10.733
9.1469 -6.387
10.617 -10.429
8.6689 -5.8356
10.728 -9.9511
10.964 -7.1209
13.73 -10.404
12.38 -8.9332
13.488 -10.473
9.2761 -7.6051
13.742 -8.5891
13.489 -10.46
10.684 -8.045
10.086 -6.4346
10.463 -6.8094
12.206 -7.9305
11.923 -8.2032
12.772 -7.8921
11.109 -10.925
9.5789 -4.6471
10.019 -5.6012
12.429 -9.1761
10.168 -7.2008
9.9695 -7.5749
9.8874 -7.1884
7.9298 -7.5038
8.1702 -5.5422
11.3 -9.8615
10.53 -8.2554
9.633 -8.2504
10.688 -7.9251
10.059 -6.8712
11.317 -6.5134
10.334 -8.1055
10.92 -5.7844
13.034 -5.8991
14.627 -7.829
11.273 -10.512
9.099 -6.0266
9.1878 -4.441
10.172 -9.1838
9.8423 -7.9329
9.2777 -6.9056
12.276 -7.5739
12.793 -7.7591
11.69 -7.6743
9.5803 -6.1051
12.704 -8.655
12.388 -10.341
13.264 -10.629
9.5241 -8.2288
11.218 -6.2224
11.966 -6.7249
14.416 -10.75
8.5099 -5.6316
9.1879 -6.3418
10.982 -8.094
12.864 -9.7586
10.509 -5.9564
12.435 -9.1985
10.669 -8.6298
10.793 -8.0291
11.481 -8.1175
9.159 -6.7782
11.347 -9.6496
12.127 -11.885
10.392 -7.0266
8.7613 -5.1589
10.973 -6.3903
10.844 -7.9248
12.838 -10.406
9.5911 -9.8107
11.184 -6.592
9.4747 -7.576
10.578 -7.2219
6.4681 -2.313
8.7578 -6.5493
10.417 -8.091
12.886 -7.6706
10.607 -8.0411
10.232 -7.4387
11.165 -6.7904
13.211 -10.479
11.203 -6.292
11.279 -6.9621
8.9482 -6.8436
12.073 -8.5116
13.054 -8.9639
9.2705 -6.7664
13.33 -10.89
8.5879 -6.1417
12.22 -8.9868
10.032 -8.8436
10.641 -6.2574
11.744 -10.305
8.8677 -7.2937
9.5601 -6.527
9.6282 -8.9058
10.968 -8.2786
12.627 -8.3446
9.645 -6.5599
11.224 -9.6846
11.479 -8.6917
13.258 -9.8706
13.567 -8.8085
11.109 -8.7449
10.046 -5.8449
7.9288 -3.7804
