9.071 6.9096
10.016 8.3472
14.116 14.714
9.4141 9.1658
9.9919 10.008
12.299 11.813
10.662 9.5729
10.432 8.9915
13.018 12.638
12.057 11.122
9.1428 9.3235
12.513 12.128
10.13 10.527
7.493 9.5485
12.776 13.149
10.078 10.144
11.397 12.288
12.147 10.83
11.106 11.429
9.3999 10.263
13.044 12.99
9.9242 10.039
9.0751 8.1891
12.29 9.8797
10.724 7.0504
9.4102 10.374
10.499 11.406
10.317 10.482
9.4435 9.9722
9.664 9.9223
10.873 9.9626
9.1875 8.8035
9.7563 10.891
10.042 10.806
9.2988 9.5988
15.431 13.226
6.7537 8.4789
10.523 10.264
7.8101 8.5961
11.827 12.468
10.334 9.6003
8.7353 6.6046
12.091 13.98
6.8174 10.144
10.716 9.9215
13.788 13.818
11.924 12.572
8.8247 7.9995
11.74 13.43
10.149 9.8304
11.681 11.498
12.616 13.546
6.9555 8.9421
14.512 13.769
12.782 15.669
10.5 11.667
9.1928 9.2951
10.734 9.4678
9.2795 10.571
13.038 12.289
13.663 11.117
15.034 13.818
10.812 12.522
9.2897 10.518
10.043 10.848
11.792 12.487
5.5856 6.1826
13.139 12.125
9.6192 6.4611
9.2033 9.332
13.8 11.526
10.314 10.528
7.2936 7.3814
13.308 11.713
11.596 12.155
7.4092 8.6459
10.989 8.4906
8.2941 9.1067
8.2552 8.4682
12.162 12.042
11.427 11.484
15.139 12.486
10.382 8.5697
10.432 11.007
10.158 12.333
13.079 14.831
10.01 10.877
14.301 13.972
15.307 12.813
9.262 10.828
12.006 11.386
10.441 9.0927
9.7298 13.047
7.1305 6.7615
13.189 12.083
12.503 9.8187
11.061 10.979
10.106 8.8272
14.4 12.978
8.9394 8.3755
11.249 10.735
9.9157 9.988
7.7579 8.5323
11.574 11.658
8.9169 11.799
11.925 9.7989
10.228 12.014
8.7666 9.1211
8.6498 9.5232
10.643 8.5692
11.791 12.075
11.77 10.554
12.385 9.721
11.827 12.248
9.0385 10.66
8.331 10.205
8.5016 6.0401
10.666 8.2082
10.383 9.7047
9.4313 12.543
10.48 10.633
11.688 10.352
10.496 8.2167
8.2496 8.723
10.372 10.71
9.6414 9.3039
8.0727 9.8695
10.512 10.788
11.092 13.143
8.7105 7.9541
8.6558 10.82
9.4973 9.0677
8.3988 9.0906
7.1647 7.1916
9.0415 10.698
7.2935 9.0132
10.115 8.6923
11.863 14.106
9.1329 6.5762
8.2897 8.933
11.252 11.815
12.24 12.877
11.632 9.1581
9.6455 8.608
10.461 11.247
9.404 7.4784
13.042 10.854
13.266 9.4049
10.8 8.6184
8.9399 10.367
8.7809 9.607
8.5663 8.5576
7.558 7.59
8.9595 9.1003
10.439 10.024
8.8939 9.7682
11.473 11.603
11.2 10.636
8.3386 8.9316
7.2569 8.6182
9.9507 11.995
9.4145 9.0378
7.9738 9.3678
13.887 12.643
8.1609 8.3551
9.4275 10.099
11.753 11.415
11.827 10.189
10.636 9.368
14.114 12.737
8.4786 8.7016
13.223 12.377
10.004 10.234
6.2681 6.7903
12.053 9.9336
10.369 10.915
7.7622 8.3274
10.608 9.3733
10.347 11.742
8.91 11.567
10.166 11.927
8.8551 8.4176
15.387 13.313
11.951 10.133
10.604 8.9483
8.5813 8.363
9.5955 10.393
11.112 11.071
11.383 11.576
10.706 10.384
11.259 12.518
12.575 10.823
10.491 10.255
8.4324 7.2258
10.432 9.9778
8.6325 7.4294
10.37 9.553
10.967 11.769
8.8372 8.265
11.186 11.481
11.029 11.084
7.7955 8.6298
11.319 10.116
8.9097 9.8032
11.568 12.982
9.0394 10.335
7.6479 12.086
11.089 10.271
9.7499 9.0469
12.459 13.989
10.573 8.1128
8.2963 8.2235
9.3532 6.8634
8.3186 9.1777
12.52 11.708
9.3594 9.5484
11.043 12.09
7.7567 10.497
8.08 8.6839
8.4609 9.1956
9.3414 8.7647
6.7596 6.2776
11.115 8.8445
9.7419 11.702
7.6675 6.8421
9.7535 10.369
6.3446 7.1274
7.74 8.6654
10.912 12.272
10.185 9.5285
10.551 11.44
10.045 9.9926
6.7543 6.5277
9.0125 8.0034
8.6337 10.23
10.802 9.2229
10.798 9.266
7.0591 7.5812
12.19 11.602
10.791 11.845
6.551 10.691
10.399 13.271
11.361 9.41
11.116 7.6224
12.303 9.8267
8.2002 6.8896
13.718 13.497
12.757 10.513
9.893 9.9778
8.1927 9.5351
