9.9159 14.577
6.7933 12.596
13.052 7.6002
11.867 10.907
11.57 9.8254
10.385 11.49
10.544 12.024
11.848 10.117
11.61 11.612
11.297 10.47
13.699 9.2295
10.524 11.214
10.177 12.498
9.0727 11.586
11.567 7.7987
10.736 9.5692
11.961 8.6613
10.711 12.499
12.593 9.962
13.485 6.7188
11.697 7.9427
7.6047 13.535
10.8 10.218
10.18 10.387
10.397 11.683
10.296 10.384
10.27 10.214
13.163 10.38
8.8457 11.742
11.301 12.27
11.766 10.548
14.085 9.0712
13.585 9.1402
10.315 10.062
8.7394 10.613
8.5202 8.4571
9.0059 12.525
11.28 8.8036
9.247 8.3813
11.165 11.293
12.003 10.379
8.485 12.284
10.638 8.7448
10.356 11.178
8.0992 11.079
15.459 5.7806
7.8126 13.201
11.6 11.664
9.7155 8.8179
9.4379 10.303
8.366 13.253
12.364 10.907
12.553 10.354
10.784 9.7624
9.8079 10.411
10.703 10.019
13.101 9.6209
10.776 11.609
7.3237 12.919
8.544 13.89
9.0285 11.662
10.472 9.8197
13.46 8.0937
13.472 7.8056
9.5299 9.7495
11.639 8.76
9.1658 11.972
10.354 11.228
13.331 7.652
12.646 7.8163
8.7199 8.9625
13.755 9.5955
12.811 7.3903
12.896 9.9893
12.064 11.627
7.5267 13.279
13.084 7.8742
10.812 13.458
15.631 7.5903
11.569 10.177
9.9011 11.054
13.781 5.1481
10.584 11.083
5.7921 15.362
12.603 8.8983
12.776 5.7489
10.73 11.9
10.277 11.718
9.8172 13.028
10.109 11.714
10.074 9.8955
6.2242 11.317
8.8137 10.666
12.12 9.969
11.771 10.384
9.1858 12.491
13.162 8.709
11.531 12.176
10.665 9.3433
10.876 10.747
9.8508 13.278
11.273 10.426
12.655 5.258
10.682 10.002
12.962 9.7393
9.1051 11.317
8.9078 13.908
9.789 11.125
9.4543 10.496
8.9358 10.452
11.742 8.2965
12.023 8.0694
11.943 8.6759
8.9758 12.469
9.2377 11.02
10.052 9.0676
10.472 10.589
11.707 9.7657
9.4808 9.6396
5.1945 13.642
11.951 9.9343
12.568 10.253
11.786 9.2985
11.106 10.756
11.864 9.3318
8.3934 10.106
12.613 6.4833
9.4663 13.174
12.476 10.047
10.564 10.637
9.6167 11.876
12.5 10.535
15.269 7.4991
9.3549 13.102
10.003 10.363
13.839 10.989
10.555 13.114
10.706 8.8752
12.767 9.1807
9.2901 12.163
10.373 12.856
10.346 11.317
10.21 12.599
8.6239 10.664
12.018 9.9918
10.085 12.034
13.259 7.0714
12.476 9.4806
10.393 10.513
7.6951 12.941
11.015 9.7328
7.3874 13.915
11.596 11.059
11.914 8.6409
11.564 10.947
12.157 9.0913
11.751 9.7218
9.6879 10.05
8.6507 9.667
7.7183 10.503
12.28 8.2749
12.088 10.844
11.682 9.995
10.153 12.088
7.6388 13.23
10.038 10.3
12.505 9.8547
10.695 12.736
10.386 11.878
12.842 9.1929
10.823 11.632
11.449 10.668
12.201 9.7389
10.815 9.9705
10.8 10.947
10.464 12.746
14.035 7.3115
10.777 10.365
9.5814 12.61
9.0458 11.499
10.62 8.7653
9.9317 9.7099
9.2262 11.765
8.4896 11.957
8.6563 9.2263
6.8481 12.197
9.0263 11.772
13.137 6.9236
8.4594 10.811
12.262 8.7894
9.1527 10.294
11.973 8.2581
8.4008 11.777
11.851 9.2416
13.339 6.762
11.086 11.845
12.472 9.5366
11.822 10.507
5.9893 13.38
13.192 8.5098
10.129 8.886
10.731 9.9213
14.432 7.3512
7.3137 11.255
8.1951 10.972
11.73 10.316
8.6271 13.388
12.014 12.034
13.45 7.8884
8.1229 11.768
10.834 10.576
12.726 8.256
8.8353 12.369
8.5336 10.749
11.62 11.041
10.461 10.24
11.302 9.9996
10.391 10.103
11.116 9.0014
10.741 12.938
9.1255 11.396
9.1055 10.847
8.8711 11.56
9.592 12.753
9.4626 12.384
12.707 8.7764
10.679 9.2889
10.454 9.4394
9.4368 11.888
10.268 11.4
11.795 9.6289
10.183 12.187
13.48 10.815
10.232 11.127
10.793 8.2399
9.9792 7.5341
10.229 11.731
8.0127 11.141
6.3958 14.99
7.8567 11.048
9.382 10.768
11.425 8.7382
14.358 11.254
13.203 9.5681
10.605 10.086
10.336 8.9993
9.8697 8.2824
10.597 11.876
14.636 7.9317
11.08 9.8474
